sample_idx,fraction,mode,perturbation,true_label,base_pred,masked_pred,score_before,score_after,score_drop,bounded_relative_score_drop,flipped,dataset,model
0,0.05,top,global_mean,0,0,0,1.0697847831892933,0.3035069806763161,0.7662778025129772,0.7162908823003008,0.0,UMD,HYDRA
0,0.05,bottom,global_mean,0,0,0,1.0697847831892933,0.9885590852174835,0.08122569797180978,0.07592706806184703,0.0,UMD,HYDRA
0,0.05,random,global_mean,0,0,0,1.0697847831892933,,-0.2808170007350825,-0.26249834793831184,0.0,UMD,HYDRA
0,0.1,top,global_mean,0,0,1,1.0697847831892933,-0.5068384606195541,1.5766232438088474,1.0,1.0,UMD,HYDRA
0,0.1,bottom,global_mean,0,0,0,1.0697847831892933,1.1373830635926998,-0.06759828040340654,-0.06318861352025032,0.0,UMD,HYDRA
0,0.1,random,global_mean,0,0,0,1.0697847831892933,,0.5218813603856409,0.33028616964560753,0.4,UMD,HYDRA
0,0.2,top,global_mean,0,0,1,1.0697847831892933,-0.26062172649547366,1.3304065096847668,1.0,1.0,UMD,HYDRA
0,0.2,bottom,global_mean,0,0,0,1.0697847831892933,1.2739488492738644,-0.20416406608457116,-0.19084574621650713,0.0,UMD,HYDRA
0,0.2,random,global_mean,0,0,0,1.0697847831892933,,-0.0009553796796985647,-0.0008930569976826064,0.0,UMD,HYDRA
1,0.05,top,global_mean,0,0,0,0.9098408201238513,1.0151517247523467,-0.10531090462849546,-0.11574638832732499,0.0,UMD,HYDRA
1,0.05,bottom,global_mean,0,0,0,0.9098408201238513,1.0236070165135176,-0.11376619638966634,-0.12503953310717245,0.0,UMD,HYDRA
1,0.05,random,global_mean,0,0,0,0.9098408201238513,,-0.3536896644645014,-0.35356374130667795,0.0,UMD,HYDRA
1,0.1,top,global_mean,0,0,0,0.9098408201238513,0.8862064133219032,0.02363440680194806,0.025976390927744838,0.0,UMD,HYDRA
1,0.1,bottom,global_mean,0,0,0,0.9098408201238513,1.1978077878336857,-0.28796696770983443,-0.3165022329602691,0.0,UMD,HYDRA
1,0.1,random,global_mean,0,0,0,0.9098408201238513,,-0.29346937818502344,-0.32254988910608134,0.0,UMD,HYDRA
1,0.2,top,global_mean,0,0,0,0.9098408201238513,0.38488011656275056,0.5249607035611007,0.5769801870501413,0.0,UMD,HYDRA
1,0.2,bottom,global_mean,0,0,0,0.9098408201238513,1.1665684386176505,-0.2567276184937992,-0.2821673095427208,0.0,UMD,HYDRA
1,0.2,random,global_mean,0,0,0,0.9098408201238513,,-0.11369070227094968,-0.12495655811410564,0.0,UMD,HYDRA
2,0.05,top,global_mean,0,0,0,0.9290371865023366,0.6615262538593822,0.26751093264295434,0.2879439580950761,0.0,UMD,HYDRA
2,0.05,bottom,global_mean,0,0,0,0.9290371865023366,0.9156890192569345,0.01334816724540211,0.014367727225137626,0.0,UMD,HYDRA
2,0.05,random,global_mean,0,0,0,0.9290371865023366,,-0.24818796647286456,-0.2671450647332895,0.0,UMD,HYDRA
2,0.1,top,global_mean,0,0,1,0.9290371865023366,-0.5318227204418503,1.460859906944187,1.0,1.0,UMD,HYDRA
2,0.1,bottom,global_mean,0,0,0,0.9290371865023366,1.2207516484547283,-0.2917144619523917,-0.3139962018683481,0.0,UMD,HYDRA
2,0.1,random,global_mean,0,0,0,0.9290371865023366,,-0.01128441955733812,-0.012146346319543602,0.0,UMD,HYDRA
2,0.2,top,global_mean,0,0,1,0.9290371865023366,-0.4650873064345241,1.3941244929368608,1.0,1.0,UMD,HYDRA
2,0.2,bottom,global_mean,0,0,0,0.9290371865023366,1.1715103100919286,-0.24247312358959205,-0.2609937106056536,0.0,UMD,HYDRA
2,0.2,random,global_mean,0,0,0,0.9290371865023366,,0.5197348415207236,0.420329945780026,0.2,UMD,HYDRA
3,0.05,top,global_mean,0,0,0,0.8887391150250068,0.6489579558172104,0.2397811592077964,0.26979896052182767,0.0,UMD,HYDRA
3,0.05,bottom,global_mean,0,0,0,0.8887391150250068,0.9227482294003715,-0.03400911437536469,-0.038266658385739415,0.0,UMD,HYDRA
3,0.05,random,global_mean,0,0,0,0.8887391150250068,,-0.25188132739478275,-0.24698953065603382,0.0,UMD,HYDRA
3,0.1,top,global_mean,0,0,2,0.8887391150250068,-0.4428139225167223,1.331553037541729,1.0,1.0,UMD,HYDRA
3,0.1,bottom,global_mean,0,0,0,0.8887391150250068,1.0807215916567832,-0.19198247663177637,-0.21601644101141365,0.0,UMD,HYDRA
3,0.1,random,global_mean,0,0,0,0.8887391150250068,,-0.23220922105550365,-0.2612791041270483,0.0,UMD,HYDRA
3,0.2,top,global_mean,0,0,1,0.8887391150250068,-0.2659836539946736,1.1547227690196804,1.0,1.0,UMD,HYDRA
3,0.2,bottom,global_mean,0,0,0,0.8887391150250068,1.0412322671211525,-0.15249315209614567,-0.17158351414333864,0.0,UMD,HYDRA
3,0.2,random,global_mean,0,0,0,0.8887391150250068,,0.4836153053492712,0.39358638068861357,0.4,UMD,HYDRA
4,0.05,top,global_mean,0,0,0,0.6869682838877866,0.9660445175984331,-0.2790762337106465,-0.40624266652980706,0.0,UMD,HYDRA
4,0.05,bottom,global_mean,0,0,0,0.6869682838877866,0.7820095370599802,-0.09504125317219358,-0.13834862111202945,0.0,UMD,HYDRA
4,0.05,random,global_mean,0,0,0,0.6869682838877866,,-0.3141014369597602,-0.41723225118891766,0.0,UMD,HYDRA
4,0.1,top,global_mean,0,0,0,0.6869682838877866,0.5866004240662416,0.10036785982154506,0.1461023981356635,0.0,UMD,HYDRA
4,0.1,bottom,global_mean,0,0,0,0.6869682838877866,1.1716130270312102,-0.48464474314342354,-0.7054824058517704,0.0,UMD,HYDRA
4,0.1,random,global_mean,0,0,0,0.6869682838877866,,-0.15184725852943193,-0.22103937117839972,0.0,UMD,HYDRA
4,0.2,top,global_mean,0,0,0,0.6869682838877866,0.10200291773216041,0.5849653661556262,0.8515160428208864,0.0,UMD,HYDRA
4,0.2,bottom,global_mean,0,0,0,0.6869682838877866,1.0244360833250377,-0.337467799437251,-0.49124146792620627,0.0,UMD,HYDRA
4,0.2,random,global_mean,0,0,0,0.6869682838877866,,0.3011220481664685,0.3000559876126953,0.2,UMD,HYDRA
5,0.05,top,global_mean,0,0,2,0.5759741556201086,-0.4978862692917817,1.0738604249118904,1.0,1.0,UMD,HYDRA
5,0.05,bottom,global_mean,0,0,0,0.5759741556201086,1.5045379453759433,-0.9285637897558348,-1.0,0.0,UMD,HYDRA
5,0.05,random,global_mean,0,0,0,0.5759741556201086,,-0.3783254165746137,-0.5231495168854291,0.0,UMD,HYDRA
5,0.1,top,global_mean,0,0,1,0.5759741556201086,-0.31458054496007254,0.890554700580181,1.0,1.0,UMD,HYDRA
5,0.1,bottom,global_mean,0,0,0,0.5759741556201086,1.2138048660621494,-0.6378307104420409,-1.0,0.0,UMD,HYDRA
5,0.1,random,global_mean,0,0,0,0.5759741556201086,,-0.06578571052164435,-0.12277803733076509,0.0,UMD,HYDRA
5,0.2,top,global_mean,0,0,0,0.5759741556201086,-0.015211316169557176,0.5911854717896657,1.0,0.0,UMD,HYDRA
5,0.2,bottom,global_mean,0,0,0,0.5759741556201086,0.8612206690855861,-0.2852465134654776,-0.49524100246715397,0.0,UMD,HYDRA
5,0.2,random,global_mean,0,0,0,0.5759741556201086,,0.1647709803816464,0.21232085903907377,0.2,UMD,HYDRA
6,0.05,top,global_mean,0,0,0,0.9185464226045563,1.0790480245107041,-0.16050160190614782,-0.17473414867470086,0.0,UMD,HYDRA
6,0.05,bottom,global_mean,0,0,0,0.9185464226045563,0.8815209020627504,0.03702552054180597,0.040308774082474144,0.0,UMD,HYDRA
6,0.05,random,global_mean,0,0,0,0.9185464226045563,,-0.14916449301081286,-0.16239171689998813,0.0,UMD,HYDRA
6,0.1,top,global_mean,0,0,1,0.9185464226045563,-0.4435455971847782,1.3620920197893345,1.0,1.0,UMD,HYDRA
6,0.1,bottom,global_mean,0,0,0,0.9185464226045563,1.0105474497491953,-0.09200102714463898,-0.10015925675755374,0.0,UMD,HYDRA
6,0.1,random,global_mean,0,0,0,0.9185464226045563,,0.21848010875184828,0.15245045425895412,0.2,UMD,HYDRA
6,0.2,top,global_mean,0,0,1,0.9185464226045563,-0.25972056527676257,1.1782669878813188,1.0,1.0,UMD,HYDRA
6,0.2,bottom,global_mean,0,0,0,0.9185464226045563,1.1546098557300009,-0.23606343312544453,-0.2569964569233484,0.0,UMD,HYDRA
6,0.2,random,global_mean,0,0,0,0.9185464226045563,,0.4164236874665216,0.3606704560226951,0.2,UMD,HYDRA
7,0.05,top,global_mean,0,0,0,1.0523829400213245,0.6452799820354861,0.4071029579858384,0.386838816618191,0.0,UMD,HYDRA
7,0.05,bottom,global_mean,0,0,0,1.0523829400213245,1.1864199673778744,-0.13403702735654988,-0.12736513952677184,0.0,UMD,HYDRA
7,0.05,random,global_mean,0,0,0,1.0523829400213245,,-0.2606587930346634,-0.24768412280159052,0.0,UMD,HYDRA
7,0.1,top,global_mean,0,0,1,1.0523829400213245,-0.3887487382844821,1.4411316783058066,1.0,1.0,UMD,HYDRA
7,0.1,bottom,global_mean,0,0,0,1.0523829400213245,1.5040302877589184,-0.45164734773759396,-0.42916594463465707,0.0,UMD,HYDRA
7,0.1,random,global_mean,0,0,0,1.0523829400213245,,-0.1912560700857781,-0.18173602124895855,0.0,UMD,HYDRA
7,0.2,top,global_mean,0,0,1,1.0523829400213245,-0.40671426219975465,1.459097202221079,1.0,1.0,UMD,HYDRA
7,0.2,bottom,global_mean,0,0,0,1.0523829400213245,1.218682630980412,-0.16629969095908748,-0.1580218821618636,0.0,UMD,HYDRA
7,0.2,random,global_mean,0,0,1,1.0523829400213245,,0.7496264086465031,0.5853791405830793,0.6,UMD,HYDRA
8,0.05,top,global_mean,0,0,0,0.7607712092672443,0.6242643485806064,0.13650686068663787,0.1794319758579479,0.0,UMD,HYDRA
8,0.05,bottom,global_mean,0,0,0,0.7607712092672443,0.7825762019545892,-0.021804992687344926,-0.028661657749494977,0.0,UMD,HYDRA
8,0.05,random,global_mean,0,0,0,0.7607712092672443,,-0.3873161309956447,-0.3432296468775454,0.0,UMD,HYDRA
8,0.1,top,global_mean,0,0,0,0.7607712092672443,0.563397029713691,0.1973741795535533,0.25943926072649115,0.0,UMD,HYDRA
8,0.1,bottom,global_mean,0,0,0,0.7607712092672443,1.443112515050773,-0.6823413057835288,-0.8969061927758138,0.0,UMD,HYDRA
8,0.1,random,global_mean,0,0,0,0.7607712092672443,,-0.1122385206588297,-0.1475323615815763,0.0,UMD,HYDRA
8,0.2,top,global_mean,0,0,0,0.7607712092672443,-0.08922109362672828,0.8499923028939725,1.0,0.0,UMD,HYDRA
8,0.2,bottom,global_mean,0,0,0,0.7607712092672443,1.1101832019193822,-0.34941199265213796,-0.4592859576044219,0.0,UMD,HYDRA
8,0.2,random,global_mean,0,0,0,0.7607712092672443,,0.12538519039694607,0.13822705538040575,0.0,UMD,HYDRA
9,0.05,top,global_mean,0,0,0,0.3382812403492129,0.5249519706593531,-0.18667073031014014,-0.5518194810269604,0.0,UMD,HYDRA
9,0.05,bottom,global_mean,0,0,0,0.3382812403492129,0.29479271276933694,0.04348852757987598,0.12855693380468997,0.0,UMD,HYDRA
9,0.05,random,global_mean,0,0,0,0.3382812403492129,,-0.19449342976810646,-0.13706528668431467,0.0,UMD,HYDRA
9,0.1,top,global_mean,0,0,0,0.3382812403492129,0.3848039171103437,-0.046522676761130755,-0.1375262169042774,0.0,UMD,HYDRA
9,0.1,bottom,global_mean,0,0,0,0.3382812403492129,0.4638431305301962,-0.1255618901809833,-0.3711749397525694,0.0,UMD,HYDRA
9,0.1,random,global_mean,0,0,0,0.3382812403492129,,-0.23149069244200696,-0.5599619759094032,0.0,UMD,HYDRA
9,0.2,top,global_mean,0,0,1,0.3382812403492129,-0.18682780461606135,0.5251090449652742,1.0,1.0,UMD,HYDRA
9,0.2,bottom,global_mean,0,0,0,0.3382812403492129,0.5285545691680845,-0.1902733288188716,-0.562469163685478,0.0,UMD,HYDRA
9,0.2,random,global_mean,0,0,0,0.3382812403492129,,0.07348413257757605,-0.05031567851274028,0.4,UMD,HYDRA
10,0.05,top,global_mean,0,0,0,0.6843432307289152,0.6173124045143108,0.06703082621460443,0.0979489900034781,0.0,UMD,HYDRA
10,0.05,bottom,global_mean,0,0,0,0.6843432307289152,0.7507844180321774,-0.0664411873032622,-0.0970873784272189,0.0,UMD,HYDRA
10,0.05,random,global_mean,0,0,0,0.6843432307289152,,-0.2204274642472502,-0.3041058084459505,0.0,UMD,HYDRA
10,0.1,top,global_mean,0,0,0,0.6843432307289152,0.4601825452590118,0.22416068546990342,0.32755545441092304,0.0,UMD,HYDRA
10,0.1,bottom,global_mean,0,0,0,0.6843432307289152,1.3050922138281684,-0.6207489830992532,-0.9070712592083594,0.0,UMD,HYDRA
10,0.1,random,global_mean,0,0,0,0.6843432307289152,,0.019479100270455785,-0.11516995258014351,0.2,UMD,HYDRA
10,0.2,top,global_mean,0,0,1,0.6843432307289152,-0.34443264847507804,1.0287758792039932,1.0,1.0,UMD,HYDRA
10,0.2,bottom,global_mean,0,0,0,0.6843432307289152,0.8436779905200456,-0.15933475979113032,-0.23282838173621798,0.0,UMD,HYDRA
10,0.2,random,global_mean,0,0,0,0.6843432307289152,,-0.18918363910134844,-0.27644514354982336,0.0,UMD,HYDRA
11,0.05,top,global_mean,0,0,0,0.3366846392239513,0.4863332636119969,-0.1496486243880456,-0.44447581647076034,0.0,UMD,HYDRA
11,0.05,bottom,global_mean,0,0,0,0.3366846392239513,1.145689684786492,-0.8090050455625406,-1.0,0.0,UMD,HYDRA
11,0.05,random,global_mean,0,0,0,0.3366846392239513,,0.0516459807554381,0.09944787204112578,0.2,UMD,HYDRA
11,0.1,top,global_mean,0,0,1,0.3366846392239513,-0.3788005846401926,0.7154852238641439,1.0,1.0,UMD,HYDRA
11,0.1,bottom,global_mean,0,0,0,0.3366846392239513,0.8134891206943293,-0.476804481470378,-1.0,0.0,UMD,HYDRA
11,0.1,random,global_mean,0,0,0,0.3366846392239513,,0.14764704532162715,0.020527814214908895,0.4,UMD,HYDRA
11,0.2,top,global_mean,0,0,1,0.3366846392239513,-0.21160554846782687,0.5482901876917782,1.0,1.0,UMD,HYDRA
11,0.2,bottom,global_mean,0,0,0,0.3366846392239513,0.6753635579455042,-0.33867891872155287,-1.0,0.0,UMD,HYDRA
11,0.2,random,global_mean,0,0,1,0.3366846392239513,,0.12175766616706571,-0.06968463172125242,0.6,UMD,HYDRA
12,0.05,top,global_mean,0,0,0,0.7639688354608913,0.2031251276343624,0.5608437078265289,0.7341176075206954,0.0,UMD,HYDRA
12,0.05,bottom,global_mean,0,0,0,0.7639688354608913,0.7193394447038357,0.04462939075705563,0.0584177393995293,0.0,UMD,HYDRA
12,0.05,random,global_mean,0,0,0,0.7639688354608913,,-0.3154937714784634,-0.38058721422628605,0.0,UMD,HYDRA
12,0.1,top,global_mean,0,0,1,0.7639688354608913,-0.6564158691998228,1.420384704660714,1.0,1.0,UMD,HYDRA
12,0.1,bottom,global_mean,0,0,0,0.7639688354608913,0.8590736485416071,-0.09510481308071572,-0.12448765470346147,0.0,UMD,HYDRA
12,0.1,random,global_mean,0,0,0,0.7639688354608913,,-0.18716994728831873,-0.24499651504617578,0.0,UMD,HYDRA
12,0.2,top,global_mean,0,0,1,0.7639688354608913,-0.4599681774083931,1.2239370128692844,1.0,1.0,UMD,HYDRA
12,0.2,bottom,global_mean,0,0,0,0.7639688354608913,1.0379218349672423,-0.273952999506351,-0.35859138252635236,0.0,UMD,HYDRA
12,0.2,random,global_mean,0,0,0,0.7639688354608913,,0.1551901664177262,0.0996764692984067,0.2,UMD,HYDRA
13,0.05,top,global_mean,0,0,0,0.8184019655210251,0.8373555354169564,-0.018953569895931333,-0.023159214585524873,0.0,UMD,HYDRA
13,0.05,bottom,global_mean,0,0,0,0.8184019655210251,0.8366386632244971,-0.018236697703472027,-0.02228327422037368,0.0,UMD,HYDRA
13,0.05,random,global_mean,0,0,0,0.8184019655210251,,0.02335778583146788,0.028540690607832125,0.0,UMD,HYDRA
13,0.1,top,global_mean,0,0,0,0.8184019655210251,0.7708661175339497,0.04753584798707533,0.058083670257490186,0.0,UMD,HYDRA
13,0.1,bottom,global_mean,0,0,0,0.8184019655210251,1.2912589076131502,-0.47285694209212514,-0.5777800936865951,0.0,UMD,HYDRA
13,0.1,random,global_mean,0,0,0,0.8184019655210251,,0.03642459883236264,0.04450692429880604,0.0,UMD,HYDRA
13,0.2,top,global_mean,0,0,1,0.8184019655210251,-0.7788626222248147,1.5972645877458398,1.0,1.0,UMD,HYDRA
13,0.2,bottom,global_mean,0,0,0,0.8184019655210251,1.1225693014439604,-0.3041673359229353,-0.37165962091705196,0.0,UMD,HYDRA
13,0.2,random,global_mean,0,0,0,0.8184019655210251,,0.37589328774357367,0.44530545776839536,0.0,UMD,HYDRA
14,0.05,top,global_mean,0,0,0,0.9034203230502695,0.8158515235215178,0.08756879952875174,0.09693018893232289,0.0,UMD,HYDRA
14,0.05,bottom,global_mean,0,0,0,0.9034203230502695,1.8762902224435412,-0.9728698993932716,-1.0,0.0,UMD,HYDRA
14,0.05,random,global_mean,0,0,0,0.9034203230502695,,-0.28285353345958897,-0.3130914958975902,0.0,UMD,HYDRA
14,0.1,top,global_mean,0,0,0,0.9034203230502695,0.6175085819023146,0.2859117411479549,0.3164766359317443,0.0,UMD,HYDRA
14,0.1,bottom,global_mean,0,0,0,0.9034203230502695,1.0755762991583955,-0.17215597610812594,-0.1905600097270967,0.0,UMD,HYDRA
14,0.1,random,global_mean,0,0,0,0.9034203230502695,,-0.03873149072033333,-0.04287201301554642,0.0,UMD,HYDRA
14,0.2,top,global_mean,0,0,1,0.9034203230502695,-0.6934341562636207,1.5968544793138904,1.0,1.0,UMD,HYDRA
14,0.2,bottom,global_mean,0,0,0,0.9034203230502695,1.225187075440453,-0.3217667523901835,-0.3561646644599723,0.0,UMD,HYDRA
14,0.2,random,global_mean,0,0,0,0.9034203230502695,,-0.17014177407583397,-0.18833048294828292,0.0,UMD,HYDRA
15,0.05,top,global_mean,0,0,0,0.7000230532449372,0.6546574932076863,0.045365560037250896,0.06480571607069845,0.0,UMD,HYDRA
15,0.05,bottom,global_mean,0,0,0,0.7000230532449372,0.7841702109947453,-0.08414715774980808,-0.12020609486166489,0.0,UMD,HYDRA
15,0.05,random,global_mean,0,0,0,0.7000230532449372,,-0.36701128828833157,-0.45071911613878746,0.0,UMD,HYDRA
15,0.1,top,global_mean,0,0,0,0.7000230532449372,0.560097577755703,0.13992547548923417,0.19988666795178606,0.0,UMD,HYDRA
15,0.1,bottom,global_mean,0,0,0,0.7000230532449372,0.9403921447212074,-0.24036909147627017,-0.3433726175008524,0.0,UMD,HYDRA
15,0.1,random,global_mean,0,0,0,0.7000230532449372,,-0.13249017354457163,-0.2692086873503334,0.2,UMD,HYDRA
15,0.2,top,global_mean,0,0,1,0.7000230532449372,-0.20659227071197148,0.9066153239569087,1.0,1.0,UMD,HYDRA
15,0.2,bottom,global_mean,0,0,2,0.7000230532449372,0.8537051945371739,-0.15368214129223667,-0.21953837240284593,1.0,UMD,HYDRA
15,0.2,random,global_mean,0,0,0,0.7000230532449372,,-0.07587361680847153,-0.1083871567794878,0.0,UMD,HYDRA
16,0.05,top,global_mean,0,0,0,0.5259255053891474,0.4568881401392775,0.06903736524986992,0.1312680850697709,0.0,UMD,HYDRA
16,0.05,bottom,global_mean,0,0,0,0.5259255053891474,1.3347623921420557,-0.8088368867529083,-1.0,0.0,UMD,HYDRA
16,0.05,random,global_mean,0,0,0,0.5259255053891474,,-0.05828288466808702,-0.11081944733886709,0.0,UMD,HYDRA
16,0.1,top,global_mean,0,0,0,0.5259255053891474,0.5297867541423218,-0.0038612487531743955,-0.007341802920385904,0.0,UMD,HYDRA
16,0.1,bottom,global_mean,0,0,0,0.5259255053891474,0.6719358009674574,-0.14601029557831002,-0.2776249040163378,0.0,UMD,HYDRA
16,0.1,random,global_mean,0,0,0,0.5259255053891474,,-0.19437044531764097,-0.3695772000953269,0.0,UMD,HYDRA
16,0.2,top,global_mean,0,0,1,0.5259255053891474,-0.6835803417341333,1.2095058471232807,1.0,1.0,UMD,HYDRA
16,0.2,bottom,global_mean,0,0,0,0.5259255053891474,0.8027394410763031,-0.27681393568715573,-0.5263357766734603,0.0,UMD,HYDRA
16,0.2,random,global_mean,0,0,0,0.5259255053891474,,-0.027885355476577733,-0.05302139213528436,0.2,UMD,HYDRA
17,0.05,top,global_mean,0,0,0,0.9508686793336998,0.4307956105589009,0.5200730687747989,0.5469446340314775,0.0,UMD,HYDRA
17,0.05,bottom,global_mean,0,0,0,0.9508686793336998,1.7818662426742062,-0.8309975633405065,-0.8739342324205868,0.0,UMD,HYDRA
17,0.05,random,global_mean,0,0,0,0.9508686793336998,,-0.08143145915486497,-0.08563892710505418,0.0,UMD,HYDRA
17,0.1,top,global_mean,0,0,1,0.9508686793336998,-0.6306678501612643,1.5815365294949641,1.0,1.0,UMD,HYDRA
17,0.1,bottom,global_mean,0,0,0,0.9508686793336998,1.2549836376499883,-0.30411495831628854,-0.31982822139137945,0.0,UMD,HYDRA
17,0.1,random,global_mean,0,0,0,0.9508686793336998,,0.2104100723952143,0.07189787630854978,0.2,UMD,HYDRA
17,0.2,top,global_mean,0,0,1,0.9508686793336998,-0.5394120084368226,1.4902806877705224,1.0,1.0,UMD,HYDRA
17,0.2,bottom,global_mean,0,0,0,0.9508686793336998,1.384041689623962,-0.43317301029026223,-0.4555545514857497,0.0,UMD,HYDRA
17,0.2,random,global_mean,0,0,0,0.9508686793336998,,-0.09454748216563642,-0.09943263963563168,0.0,UMD,HYDRA
18,0.05,top,global_mean,0,0,0,0.5629674391053586,0.3803318474808588,0.18263559162449983,0.32441532941835105,0.0,UMD,HYDRA
18,0.05,bottom,global_mean,0,0,0,0.5629674391053586,0.6142243317975277,-0.05125689269216904,-0.09104754215640212,0.0,UMD,HYDRA
18,0.05,random,global_mean,0,0,0,0.5629674391053586,,-0.18853263119991992,-0.2180290558268682,0.0,UMD,HYDRA
18,0.1,top,global_mean,0,0,0,0.5629674391053586,0.2446133303924869,0.31835410871287173,0.5654919292079396,0.0,UMD,HYDRA
18,0.1,bottom,global_mean,0,0,0,0.5629674391053586,0.8516021750602516,-0.288634735954893,-0.5127014516365729,0.0,UMD,HYDRA
18,0.1,random,global_mean,0,0,0,0.5629674391053586,,-0.4041816298631965,-0.6025464179725055,0.0,UMD,HYDRA
18,0.2,top,global_mean,0,0,0,0.5629674391053586,-0.013588429718843109,0.5765558688242017,1.0,0.0,UMD,HYDRA
18,0.2,bottom,global_mean,0,0,0,0.5629674391053586,0.976214268607072,-0.41324682950171343,-0.7340497278291918,0.0,UMD,HYDRA
18,0.2,random,global_mean,0,0,0,0.5629674391053586,,-0.3015648586376553,-0.5356692093021895,0.0,UMD,HYDRA
19,0.05,top,global_mean,0,0,2,0.560400379486383,-0.05922337033745234,0.6196237498238353,1.0,1.0,UMD,HYDRA
19,0.05,bottom,global_mean,0,0,0,0.560400379486383,1.270632016318068,-0.710231636831685,-1.0,0.0,UMD,HYDRA
19,0.05,random,global_mean,0,0,0,0.560400379486383,,-0.5440197980718947,-0.6355855560374934,0.0,UMD,HYDRA
19,0.1,top,global_mean,0,0,2,0.560400379486383,-0.604319400954477,1.16471978044086,1.0,1.0,UMD,HYDRA
19,0.1,bottom,global_mean,0,0,0,0.560400379486383,1.0456102044028972,-0.4852098249165142,-0.865825536263342,0.0,UMD,HYDRA
19,0.1,random,global_mean,0,0,0,0.560400379486383,,-0.10341402422623862,-0.15327298372083634,0.0,UMD,HYDRA
19,0.2,top,global_mean,0,0,1,0.560400379486383,-0.3067387766661241,0.867139156152507,1.0,1.0,UMD,HYDRA
19,0.2,bottom,global_mean,0,0,0,0.560400379486383,0.8391368634961895,-0.27873648400980655,-0.497387219612616,0.0,UMD,HYDRA
19,0.2,random,global_mean,0,0,0,0.560400379486383,,0.13503529133835795,-0.10751782688557185,0.2,UMD,HYDRA
20,0.05,top,global_mean,0,0,0,0.9162435461839094,0.8043631144561934,0.111880431727716,0.12210761001927892,0.0,UMD,HYDRA
20,0.05,bottom,global_mean,0,0,0,0.9162435461839094,1.8104214976439115,-0.8941779514600021,-0.9759162607670485,0.0,UMD,HYDRA
20,0.05,random,global_mean,0,0,0,0.9162435461839094,,0.018820391789781656,-0.020139684138445448,0.2,UMD,HYDRA
20,0.1,top,global_mean,0,0,0,0.9162435461839094,0.7571436604352599,0.15909988574864942,0.17364347368973562,0.0,UMD,HYDRA
20,0.1,bottom,global_mean,0,0,0,0.9162435461839094,1.486850754869739,-0.5706072086858296,-0.6227673725997784,0.0,UMD,HYDRA
20,0.1,random,global_mean,0,0,0,0.9162435461839094,,-0.22248437967798088,-0.242822050733739,0.0,UMD,HYDRA
20,0.2,top,global_mean,0,0,1,0.9162435461839094,-0.5874858682540538,1.5037294144379632,1.0,1.0,UMD,HYDRA
20,0.2,bottom,global_mean,0,0,0,0.9162435461839094,1.2338404062386503,-0.31759686005474097,-0.34662892278869034,0.0,UMD,HYDRA
20,0.2,random,global_mean,0,0,0,0.9162435461839094,,-0.03916992992950972,-0.04275051905372814,0.0,UMD,HYDRA
21,0.05,top,global_mean,0,0,0,0.6618427831535718,0.2645239305895254,0.3973188525640464,0.6003211976561756,0.0,UMD,HYDRA
21,0.05,bottom,global_mean,0,0,0,0.6618427831535718,0.6439666244749039,0.017876158678667875,0.02700963449938451,0.0,UMD,HYDRA
21,0.05,random,global_mean,0,0,0,0.6618427831535718,,-0.12688136273791678,-0.1917089288553092,0.0,UMD,HYDRA
21,0.1,top,global_mean,0,0,1,0.6618427831535718,-0.7924237866640943,1.454266569817666,1.0,1.0,UMD,HYDRA
21,0.1,bottom,global_mean,0,0,0,0.6618427831535718,0.8668278748304241,-0.2049850916768523,-0.30971824000541875,0.0,UMD,HYDRA
21,0.1,random,global_mean,0,0,0,0.6618427831535718,,0.062126806855841335,0.09386929126963736,0.0,UMD,HYDRA
21,0.2,top,global_mean,0,0,1,0.6618427831535718,-0.7248382433583233,1.3866810265118952,1.0,1.0,UMD,HYDRA
21,0.2,bottom,global_mean,0,0,0,0.6618427831535718,0.9490703843971826,-0.2872276012436108,-0.43398096130029457,0.0,UMD,HYDRA
21,0.2,random,global_mean,0,0,0,0.6618427831535718,,-0.191622963842907,-0.28952899267234405,0.0,UMD,HYDRA
22,0.05,top,global_mean,0,0,2,0.9102566673770809,-0.7240456976466202,1.634302365023701,1.0,1.0,UMD,HYDRA
22,0.05,bottom,global_mean,0,0,0,0.9102566673770809,0.9011062115792388,0.009150455797842127,0.010052599528449217,0.0,UMD,HYDRA
22,0.05,random,global_mean,0,0,0,0.9102566673770809,,-0.2359868673420567,-0.25925282016251056,0.0,UMD,HYDRA
22,0.1,top,global_mean,0,0,1,0.9102566673770809,-0.558800854882715,1.469057522259796,1.0,1.0,UMD,HYDRA
22,0.1,bottom,global_mean,0,0,0,0.9102566673770809,1.0728012148787138,-0.16254454750163294,-0.17856981965338137,0.0,UMD,HYDRA
22,0.1,random,global_mean,0,0,0,0.9102566673770809,,0.01274738599029348,0.01400415118394469,0.0,UMD,HYDRA
22,0.2,top,global_mean,0,0,1,0.9102566673770809,-0.4468452341392203,1.3571019015163013,1.0,1.0,UMD,HYDRA
22,0.2,bottom,global_mean,0,0,0,0.9102566673770809,1.2063683761755921,-0.29611170879851123,-0.32530537166664125,0.0,UMD,HYDRA
22,0.2,random,global_mean,0,0,0,0.9102566673770809,,0.2074530606370034,0.1431380994735147,0.2,UMD,HYDRA
23,0.05,top,global_mean,0,0,0,0.8815940460780574,1.0365981132560056,-0.15500406717794823,-0.17582229830749752,0.0,UMD,HYDRA
23,0.05,bottom,global_mean,0,0,0,0.8815940460780574,0.8510105400085717,0.030583506069485678,0.03469110472607826,0.0,UMD,HYDRA
23,0.05,random,global_mean,0,0,0,0.8815940460780574,,-0.1337298470279181,-0.15169078776343023,0.0,UMD,HYDRA
23,0.1,top,global_mean,0,0,0,0.8815940460780574,0.9847959712081851,-0.10320192513012771,-0.1170627325882116,0.0,UMD,HYDRA
23,0.1,bottom,global_mean,0,0,0,0.8815940460780574,1.1104635874539237,-0.22886954137586635,-0.25960847034478685,0.0,UMD,HYDRA
23,0.1,random,global_mean,0,0,0,0.8815940460780574,,-0.19159186627597852,-0.21732411851485697,0.0,UMD,HYDRA
23,0.2,top,global_mean,0,0,1,0.8815940460780574,-0.7781619656553728,1.65975601173343,1.0,1.0,UMD,HYDRA
23,0.2,bottom,global_mean,0,0,0,0.8815940460780574,1.1879403860112805,-0.30634633993322313,-0.3474909952092663,0.0,UMD,HYDRA
23,0.2,random,global_mean,0,0,0,0.8815940460780574,,0.2635815473083599,0.12940062375362169,0.2,UMD,HYDRA
24,0.05,top,global_mean,0,0,0,1.0272819032325609,0.7247724946778931,0.3025094085546678,0.2944752683051169,0.0,UMD,HYDRA
24,0.05,bottom,global_mean,0,0,0,1.0272819032325609,1.159462146921129,-0.13218024368856818,-0.12866975910203057,0.0,UMD,HYDRA
24,0.05,random,global_mean,0,0,0,1.0272819032325609,,-0.2536186096028862,-0.2468829266065094,0.0,UMD,HYDRA
24,0.1,top,global_mean,0,0,0,1.0272819032325609,0.45444800637851657,0.5728338968540443,0.557620393614556,0.0,UMD,HYDRA
24,0.1,bottom,global_mean,0,0,0,1.0272819032325609,1.4773871406607302,-0.4501052374281693,-0.4381512006204123,0.0,UMD,HYDRA
24,0.1,random,global_mean,0,0,0,1.0272819032325609,,-0.045327883738622135,-0.04412405151101852,0.0,UMD,HYDRA
24,0.2,top,global_mean,0,0,1,1.0272819032325609,-0.6423092822708794,1.6695911855034402,1.0,1.0,UMD,HYDRA
24,0.2,bottom,global_mean,0,0,0,1.0272819032325609,1.1796344193208976,-0.15235251608833678,-0.1483062899313594,0.0,UMD,HYDRA
24,0.2,random,global_mean,0,0,0,1.0272819032325609,,0.02872573283515001,0.027962825765676113,0.0,UMD,HYDRA
25,0.05,top,global_mean,0,0,0,0.8178204204325008,0.38067829695943567,0.43714212347306514,0.5345202663460253,0.0,UMD,HYDRA
25,0.05,bottom,global_mean,0,0,0,0.8178204204325008,1.2893235758270745,-0.47150315539457366,-0.5765355903067708,0.0,UMD,HYDRA
25,0.05,random,global_mean,0,0,0,0.8178204204325008,,0.06794011345469753,0.08307450961454119,0.0,UMD,HYDRA
25,0.1,top,global_mean,0,0,0,0.8178204204325008,-0.11301385868693609,0.9308342791194368,1.0,0.0,UMD,HYDRA
25,0.1,bottom,global_mean,0,0,0,0.8178204204325008,1.1287335015830255,-0.31091308115052474,-0.38017233760653996,0.0,UMD,HYDRA
25,0.1,random,global_mean,0,0,0,0.8178204204325008,,0.12087327815058221,0.1477991100876998,0.0,UMD,HYDRA
25,0.2,top,global_mean,0,0,1,0.8178204204325008,-0.601372794661041,1.4191932150935418,1.0,1.0,UMD,HYDRA
25,0.2,bottom,global_mean,0,0,0,0.8178204204325008,1.3115477570005627,-0.4937273365680619,-0.6037104485560633,0.0,UMD,HYDRA
25,0.2,random,global_mean,0,0,1,0.8178204204325008,,0.7225288529176693,0.5009605594704823,0.6,UMD,HYDRA
26,0.05,top,global_mean,0,0,0,0.9080249244889194,0.09588440604930493,0.8121405184396144,0.8944023474844357,0.0,UMD,HYDRA
26,0.05,bottom,global_mean,0,0,0,0.9080249244889194,1.596446009669515,-0.6884210851805956,-0.758151355169812,0.0,UMD,HYDRA
26,0.05,random,global_mean,0,0,0,0.9080249244889194,,0.005302923321934205,0.005840057182198778,0.0,UMD,HYDRA
26,0.1,top,global_mean,0,0,1,0.9080249244889194,-0.20937283091163306,1.1173977554005523,1.0,1.0,UMD,HYDRA
26,0.1,bottom,global_mean,0,0,0,0.9080249244889194,1.307444177934292,-0.39941925344537266,-0.4398764866434678,0.0,UMD,HYDRA
26,0.1,random,global_mean,0,0,0,0.9080249244889194,,0.24012119407120142,0.2644431040956822,0.0,UMD,HYDRA
26,0.2,top,global_mean,0,0,1,0.9080249244889194,-0.4016571566667442,1.3096820811556635,1.0,1.0,UMD,HYDRA
26,0.2,bottom,global_mean,0,0,0,0.9080249244889194,1.0687407756444933,-0.16071585115557396,-0.17699478266111462,0.0,UMD,HYDRA
26,0.2,random,global_mean,0,0,0,0.9080249244889194,,-0.16508265099283656,-0.18180389627724894,0.0,UMD,HYDRA
27,0.05,top,global_mean,0,0,0,0.8924520099268911,0.2595265125777534,0.6329254973491377,0.7091975603297997,0.0,UMD,HYDRA
27,0.05,bottom,global_mean,0,0,0,0.8924520099268911,1.5343306775602206,-0.6418786676333295,-0.7192296518624678,0.0,UMD,HYDRA
27,0.05,random,global_mean,0,0,0,0.8924520099268911,,-0.030961600405508393,-0.06563438694384134,0.2,UMD,HYDRA
27,0.1,top,global_mean,0,0,1,0.8924520099268911,-0.3098011547446128,1.2022531646715038,1.0,1.0,UMD,HYDRA
27,0.1,bottom,global_mean,0,0,0,0.8924520099268911,1.3169984971560942,-0.4245464872292031,-0.47570738459830114,0.0,UMD,HYDRA
27,0.1,random,global_mean,0,0,0,0.8924520099268911,,0.6210943840691492,0.6320913569293646,0.2,UMD,HYDRA
27,0.2,top,global_mean,0,0,1,0.8924520099268911,-0.7015437021197471,1.5939957120466381,1.0,1.0,UMD,HYDRA
27,0.2,bottom,global_mean,0,0,0,0.8924520099268911,1.1813667487587598,-0.2889147388318687,-0.3237310375092312,0.0,UMD,HYDRA
27,0.2,random,global_mean,0,0,0,0.8924520099268911,,0.05483448831714184,-0.02908560355651093,0.2,UMD,HYDRA
28,0.05,top,global_mean,0,0,0,0.839604989025631,0.5327444675508473,0.3068605214747837,0.3654815776515573,0.0,UMD,HYDRA
28,0.05,bottom,global_mean,0,0,0,0.839604989025631,1.363052780262818,-0.5234477912371871,-0.6234445657595322,0.0,UMD,HYDRA
28,0.05,random,global_mean,0,0,0,0.839604989025631,,-0.4130202469030381,-0.4919215111630531,0.0,UMD,HYDRA
28,0.1,top,global_mean,0,0,0,0.839604989025631,0.2947360200279445,0.5448689689976864,0.6489579351738676,0.0,UMD,HYDRA
28,0.1,bottom,global_mean,0,0,0,0.839604989025631,1.05696287457434,-0.21735788554870905,-0.258880818371668,0.0,UMD,HYDRA
28,0.1,random,global_mean,0,0,0,0.839604989025631,,0.019484377192601564,0.02320657242477908,0.0,UMD,HYDRA
28,0.2,top,global_mean,0,0,1,0.839604989025631,-0.7097433933016045,1.5493483823272354,1.0,1.0,UMD,HYDRA
28,0.2,bottom,global_mean,0,0,0,0.839604989025631,1.0487651250073091,-0.20916013598167815,-0.24911701287935076,0.0,UMD,HYDRA
28,0.2,random,global_mean,0,0,0,0.839604989025631,,0.2800039938118354,0.0987680078284904,0.4,UMD,HYDRA
29,0.05,top,global_mean,0,0,0,0.6843914322411078,0.44256591317719685,0.24182551906391092,0.3533433563431296,0.0,UMD,HYDRA
29,0.05,bottom,global_mean,0,0,0,0.6843914322411078,0.9395760167208584,-0.2551845844797507,-0.3728629547292401,0.0,UMD,HYDRA
29,0.05,random,global_mean,0,0,0,0.6843914322411078,,-0.14496320967770776,-0.20887570923023638,0.0,UMD,HYDRA
29,0.1,top,global_mean,0,0,0,0.6843914322411078,0.13519245765735538,0.5491989745837524,0.8024620798119413,0.0,UMD,HYDRA
29,0.1,bottom,global_mean,0,0,0,0.6843914322411078,1.3525240515518646,-0.6681326193107568,-0.9762419743931027,0.0,UMD,HYDRA
29,0.1,random,global_mean,0,0,0,0.6843914322411078,,-0.04146222744219661,-0.17995804838897306,0.2,UMD,HYDRA
29,0.2,top,global_mean,0,0,1,0.6843914322411078,-0.8782093885899269,1.5626008208310347,1.0,1.0,UMD,HYDRA
29,0.2,bottom,global_mean,0,0,0,0.6843914322411078,1.658516177369392,-0.9741247451282842,-1.0,0.0,UMD,HYDRA
29,0.2,random,global_mean,0,0,0,0.6843914322411078,,-0.18157159372363196,-0.12353513673004597,0.0,UMD,HYDRA
30,0.05,top,global_mean,0,0,1,0.21643724883584647,-0.2546029175438417,0.47104016637968815,1.0,1.0,UMD,HYDRA
30,0.05,bottom,global_mean,0,0,0,0.21643724883584647,0.7498193294627975,-0.533382080626951,-1.0,0.0,UMD,HYDRA
30,0.05,random,global_mean,0,0,0,0.21643724883584647,,-0.34310867481396334,-0.7716987943352221,0.0,UMD,HYDRA
30,0.1,top,global_mean,0,0,1,0.21643724883584647,-0.5863360349653679,0.8027732838012144,1.0,1.0,UMD,HYDRA
30,0.1,bottom,global_mean,0,0,0,0.21643724883584647,0.5017902317656985,-0.285352982929852,-1.0,0.0,UMD,HYDRA
30,0.1,random,global_mean,0,0,0,0.21643724883584647,,0.1683263304026273,-0.10296536471343157,0.4,UMD,HYDRA
30,0.2,top,global_mean,0,0,1,0.21643724883584647,-0.9401330889165991,1.1565703377524454,1.0,1.0,UMD,HYDRA
30,0.2,bottom,global_mean,0,0,0,0.21643724883584647,0.26359562872755615,-0.04715837989170968,-0.2178837619753432,0.0,UMD,HYDRA
30,0.2,random,global_mean,0,0,0,0.21643724883584647,,0.18692435924392192,-0.2,0.4,UMD,HYDRA
31,0.05,top,global_mean,0,0,0,0.8840290044859387,0.538110495235719,0.3459185092502197,0.3912972495219441,0.0,UMD,HYDRA
31,0.05,bottom,global_mean,0,0,0,0.8840290044859387,1.32610129528274,-0.4420722907968013,-0.5000648038568163,0.0,UMD,HYDRA
31,0.05,random,global_mean,0,0,0,0.8840290044859387,,-0.05432534027845013,-0.06145191905566618,0.0,UMD,HYDRA
31,0.1,top,global_mean,0,0,1,0.8840290044859387,-0.21383497591794756,1.0978639804038863,1.0,1.0,UMD,HYDRA
31,0.1,bottom,global_mean,0,0,0,0.8840290044859387,1.6030679107159485,-0.7190389062300098,-0.8133648208559721,0.0,UMD,HYDRA
31,0.1,random,global_mean,0,0,0,0.8840290044859387,,-0.35814697543446006,-0.40512988656162363,0.0,UMD,HYDRA
31,0.2,top,global_mean,0,0,1,0.8840290044859387,-0.7159512960951794,1.5999803005811182,1.0,1.0,UMD,HYDRA
31,0.2,bottom,global_mean,0,0,0,0.8840290044859387,1.8702868125218222,-0.9862578080358835,-1.0,0.0,UMD,HYDRA
31,0.2,random,global_mean,0,0,0,0.8840290044859387,,0.45325787091999087,0.22500124257800208,0.4,UMD,HYDRA
32,0.05,top,global_mean,0,0,0,0.5123826240275065,0.006502906415942589,0.5058797176115639,0.987306568533905,0.0,UMD,HYDRA
32,0.05,bottom,global_mean,0,0,0,0.5123826240275065,1.1658650558694081,-0.6534824318419017,-1.0,0.0,UMD,HYDRA
32,0.05,random,global_mean,0,0,0,0.5123826240275065,,-0.3088212585696407,-0.4765217101566656,0.0,UMD,HYDRA
32,0.1,top,global_mean,0,0,1,0.5123826240275065,-0.40028019221657907,0.9126628162440855,1.0,1.0,UMD,HYDRA
32,0.1,bottom,global_mean,0,0,0,0.5123826240275065,0.9709965094513804,-0.45861388542387393,-0.8950596075241741,0.0,UMD,HYDRA
32,0.1,random,global_mean,0,0,0,0.5123826240275065,,-0.18404656054911886,-0.21051815378173702,0.0,UMD,HYDRA
32,0.2,top,global_mean,0,0,1,0.5123826240275065,-0.7445399443745094,1.256922568402016,1.0,1.0,UMD,HYDRA
32,0.2,bottom,global_mean,0,0,0,0.5123826240275065,0.8157038900420162,-0.3033212660145097,-0.5919807967910903,0.0,UMD,HYDRA
32,0.2,random,global_mean,0,0,0,0.5123826240275065,,-0.20779144911520753,-0.40553881773562034,0.0,UMD,HYDRA
33,0.05,top,global_mean,0,0,0,0.6386768026342583,0.41386811101506515,0.22480869161919315,0.3519907701378669,0.0,UMD,HYDRA
33,0.05,bottom,global_mean,0,0,0,0.6386768026342583,0.8986579232511727,-0.25998112061691436,-0.407061462829316,0.0,UMD,HYDRA
33,0.05,random,global_mean,0,0,0,0.6386768026342583,,-0.23752844614210913,-0.35016559429434313,0.0,UMD,HYDRA
33,0.1,top,global_mean,0,0,0,0.6386768026342583,0.20837161087240041,0.4303051917618579,0.6737437718784695,0.0,UMD,HYDRA
33,0.1,bottom,global_mean,0,0,0,0.6386768026342583,1.1961016844675845,-0.5574248818333262,-0.872779482133557,0.0,UMD,HYDRA
33,0.1,random,global_mean,0,0,0,0.6386768026342583,,0.04272022084004037,-0.00843477505917346,0.2,UMD,HYDRA
33,0.2,top,global_mean,0,0,1,0.6386768026342583,-0.5903201840492008,1.2289969866834591,1.0,1.0,UMD,HYDRA
33,0.2,bottom,global_mean,0,0,0,0.6386768026342583,1.656088300553036,-1.0174114979187778,-1.0,0.0,UMD,HYDRA
33,0.2,random,global_mean,0,0,0,0.6386768026342583,,-0.20768258340055185,-0.1216409190980507,0.0,UMD,HYDRA
34,0.05,top,global_mean,0,0,0,0.9907301312649053,0.40003093563957526,0.59069919562533,0.5962255318162468,0.0,UMD,HYDRA
34,0.05,bottom,global_mean,0,0,0,0.9907301312649053,1.7370125289451404,-0.7462823976802351,-0.7532643056521572,0.0,UMD,HYDRA
34,0.05,random,global_mean,0,0,0,0.9907301312649053,,-0.4834191024757148,-0.48794177069869055,0.0,UMD,HYDRA
34,0.1,top,global_mean,0,0,0,0.9907301312649053,-0.03391160521264713,1.0246417364775524,1.0,0.0,UMD,HYDRA
34,0.1,bottom,global_mean,0,0,0,0.9907301312649053,1.4808759857924563,-0.490145854527551,-0.4947314554472136,0.0,UMD,HYDRA
34,0.1,random,global_mean,0,0,0,0.9907301312649053,,-0.006018890709645186,-0.006075200949788129,0.0,UMD,HYDRA
34,0.2,top,global_mean,0,0,1,0.9907301312649053,-0.525562170210724,1.5162923014756293,1.0,1.0,UMD,HYDRA
34,0.2,bottom,global_mean,0,0,0,0.9907301312649053,1.1665295112958123,-0.175799380030907,-0.17744408597159658,0.0,UMD,HYDRA
34,0.2,random,global_mean,0,0,0,0.9907301312649053,,0.6115393934720442,0.4731337824224804,0.4,UMD,HYDRA
35,0.05,top,global_mean,0,0,0,0.5801438045274828,0.2642995598135156,0.3158442447139672,0.544423120312551,0.0,UMD,HYDRA
35,0.05,bottom,global_mean,0,0,0,0.5801438045274828,0.8196283798575386,-0.23948457533005574,-0.41280137900245695,0.0,UMD,HYDRA
35,0.05,random,global_mean,0,0,0,0.5801438045274828,,-0.35044051414142874,-0.3927152209224248,0.0,UMD,HYDRA
35,0.1,top,global_mean,0,0,0,0.5801438045274828,0.12284666573649666,0.45729713879098616,0.7882465467624866,0.0,UMD,HYDRA
35,0.1,bottom,global_mean,0,0,0,0.5801438045274828,1.1088787131027091,-0.5287349085752263,-0.9113843723996995,0.0,UMD,HYDRA
35,0.1,random,global_mean,0,0,0,0.5801438045274828,,0.025368431278311565,0.10344127536365706,0.0,UMD,HYDRA
35,0.2,top,global_mean,0,0,1,0.5801438045274828,-0.6687352556148137,1.2488790601422965,1.0,1.0,UMD,HYDRA
35,0.2,bottom,global_mean,0,0,0,0.5801438045274828,0.9148070454945876,-0.33466324096710476,-0.5768615668973917,0.0,UMD,HYDRA
35,0.2,random,global_mean,0,0,1,0.5801438045274828,,0.2758799338806812,0.2,0.6,UMD,HYDRA
36,0.05,top,global_mean,0,0,0,0.6452914234042778,0.48449337660374825,0.16079804680052956,0.24918632385644648,0.0,UMD,HYDRA
36,0.05,bottom,global_mean,0,0,0,0.6452914234042778,1.3832616323982192,-0.7379702089939414,-1.0,0.0,UMD,HYDRA
36,0.05,random,global_mean,0,0,0,0.6452914234042778,,-0.35486169869177564,-0.482044687423686,0.0,UMD,HYDRA
36,0.1,top,global_mean,0,0,0,0.6452914234042778,0.5828786990875133,0.06241272431676448,0.09672006373095551,0.0,UMD,HYDRA
36,0.1,bottom,global_mean,0,0,0,0.6452914234042778,1.1150886322111198,-0.46979720880684195,-0.7280376954193873,0.0,UMD,HYDRA
36,0.1,random,global_mean,0,0,0,0.6452914234042778,,-0.2952411656058674,-0.45753081068007173,0.0,UMD,HYDRA
36,0.2,top,global_mean,0,0,1,0.6452914234042778,-0.5043105913429502,1.1496020147472281,1.0,1.0,UMD,HYDRA
36,0.2,bottom,global_mean,0,0,0,0.6452914234042778,0.9707056061376844,-0.3254141827334066,-0.5042894832340741,0.0,UMD,HYDRA
36,0.2,random,global_mean,0,0,1,0.6452914234042778,,0.6629816600705581,0.6656427473191858,0.6,UMD,HYDRA
38,0.05,top,global_mean,0,0,1,0.6008189129347861,-0.03647829141681885,0.637297204351605,1.0,1.0,UMD,HYDRA
38,0.05,bottom,global_mean,0,0,0,0.6008189129347861,0.8485468464239709,-0.24772793348918487,-0.4123164498312386,0.0,UMD,HYDRA
38,0.05,random,global_mean,0,0,0,0.6008189129347861,,0.17976993237113723,0.25890712334917404,0.2,UMD,HYDRA
38,0.1,top,global_mean,0,0,1,0.6008189129347861,-0.38322175587386154,0.9840406688086476,1.0,1.0,UMD,HYDRA
38,0.1,bottom,global_mean,0,0,0,0.6008189129347861,1.189284789976135,-0.5884658770413489,-0.9794380385412124,0.0,UMD,HYDRA
38,0.1,random,global_mean,0,0,0,0.6008189129347861,,-0.1408964049647929,-0.29230197287010135,0.2,UMD,HYDRA
38,0.2,top,global_mean,0,0,1,0.6008189129347861,-0.5294552457364551,1.130274158671241,1.0,1.0,UMD,HYDRA
38,0.2,bottom,global_mean,0,0,0,0.6008189129347861,1.655225823282764,-1.0544069103479778,-1.0,0.0,UMD,HYDRA
38,0.2,random,global_mean,0,0,0,0.6008189129347861,,-0.027515437458397442,-0.04579648055270766,0.0,UMD,HYDRA
39,0.05,top,global_mean,0,0,0,0.9483530352341307,0.04608697250558402,0.9022660627285467,0.9514021443540273,0.0,UMD,HYDRA
39,0.05,bottom,global_mean,0,0,0,0.9483530352341307,1.355768576311599,-0.40741554107746825,-0.42960279172206506,0.0,UMD,HYDRA
39,0.05,random,global_mean,0,0,0,0.9483530352341307,,-0.29216697302691574,-0.3080779563032968,0.0,UMD,HYDRA
39,0.1,top,global_mean,0,0,1,0.9483530352341307,-0.3853078565359894,1.33366089177012,1.0,1.0,UMD,HYDRA
39,0.1,bottom,global_mean,0,0,0,0.9483530352341307,1.6493090801973354,-0.7009560449632046,-0.7391290793528935,0.0,UMD,HYDRA
39,0.1,random,global_mean,0,0,0,0.9483530352341307,,0.24973996535192536,0.18929417039101498,0.2,UMD,HYDRA
39,0.2,top,global_mean,0,0,1,0.9483530352341307,-0.7487843763926126,1.6971374116267435,1.0,1.0,UMD,HYDRA
39,0.2,bottom,global_mean,0,0,0,0.9483530352341307,1.7268925027937436,-0.7785394675596129,-0.8209375809398082,0.0,UMD,HYDRA
39,0.2,random,global_mean,0,0,0,0.9483530352341307,,0.1673329923062649,0.038398408926504646,0.2,UMD,HYDRA
40,0.05,top,global_mean,0,0,0,0.7491039591172337,0.3063847840978956,0.4427191750193381,0.59099752261826,0.0,UMD,HYDRA
40,0.05,bottom,global_mean,0,0,0,0.7491039591172337,1.0758012064472435,-0.3266972473300098,-0.436116786244479,0.0,UMD,HYDRA
40,0.05,random,global_mean,0,0,0,0.7491039591172337,,0.19057985162882268,0.24766835625059763,0.0,UMD,HYDRA
40,0.1,top,global_mean,0,0,1,0.7491039591172337,-0.2568242255149016,1.0059281846321353,1.0,1.0,UMD,HYDRA
40,0.1,bottom,global_mean,0,0,0,0.7491039591172337,1.4347208045151871,-0.6856168453979534,-0.9152480397485334,0.0,UMD,HYDRA
40,0.1,random,global_mean,0,0,0,0.7491039591172337,,0.4288333523216078,0.4819661153227199,0.2,UMD,HYDRA
40,0.2,top,global_mean,0,0,1,0.7491039591172337,-0.6539126861282596,1.4030166452454933,1.0,1.0,UMD,HYDRA
40,0.2,bottom,global_mean,0,0,0,0.7491039591172337,1.7061496880015017,-0.957045728884268,-1.0,0.0,UMD,HYDRA
40,0.2,random,global_mean,0,0,0,0.7491039591172337,,0.2077800576448984,0.16386714126649676,0.2,UMD,HYDRA
41,0.05,top,global_mean,0,0,0,0.5541865463100079,0.14996954208991348,0.4042170042200944,0.7293866614497663,0.0,UMD,HYDRA
41,0.05,bottom,global_mean,0,0,0,0.5541865463100079,0.9196994082341141,-0.36551286192410626,-0.6595472315425173,0.0,UMD,HYDRA
41,0.05,random,global_mean,0,0,0,0.5541865463100079,,0.015862802398815434,0.022743819613578454,0.2,UMD,HYDRA
41,0.1,top,global_mean,0,0,0,0.5541865463100079,-0.031343236897451,0.5855297832074589,1.0,0.0,UMD,HYDRA
41,0.1,bottom,global_mean,0,0,0,0.5541865463100079,1.2725550815968354,-0.7183685352868275,-1.0,0.0,UMD,HYDRA
41,0.1,random,global_mean,0,0,0,0.5541865463100079,,0.05874493585807004,-0.04801741934638511,0.2,UMD,HYDRA
41,0.2,top,global_mean,0,0,1,0.5541865463100079,-0.7885194226681658,1.3427059689781737,1.0,1.0,UMD,HYDRA
41,0.2,bottom,global_mean,0,0,0,0.5541865463100079,1.467848598513096,-0.9136620522030882,-1.0,0.0,UMD,HYDRA
41,0.2,random,global_mean,0,0,0,0.5541865463100079,,0.3579070842632207,0.355548567715248,0.2,UMD,HYDRA
42,0.05,top,global_mean,0,0,0,0.7048587139258344,0.5236964014894643,0.18116231243637015,0.2570189625781792,0.0,UMD,HYDRA
42,0.05,bottom,global_mean,0,0,0,0.7048587139258344,1.1283060500608808,-0.42344733613504637,-0.6007540617927862,0.0,UMD,HYDRA
42,0.05,random,global_mean,0,0,0,0.7048587139258344,,-0.3423682406207467,-0.4629651768857717,0.0,UMD,HYDRA
42,0.1,top,global_mean,0,0,0,0.7048587139258344,0.24866542115196455,0.4561932927738699,0.6472114716743064,0.0,UMD,HYDRA
42,0.1,bottom,global_mean,0,0,0,0.7048587139258344,1.4340738862817144,-0.72921517235588,-1.0,0.0,UMD,HYDRA
42,0.1,random,global_mean,0,0,0,0.7048587139258344,,-0.5358732181727637,-0.7558691439085502,0.0,UMD,HYDRA
42,0.2,top,global_mean,0,0,1,0.7048587139258344,-0.8790846542964034,1.5839433682222377,1.0,1.0,UMD,HYDRA
42,0.2,bottom,global_mean,0,0,0,0.7048587139258344,1.127948159795051,-0.4230894458692165,-0.6002463149904664,0.0,UMD,HYDRA
42,0.2,random,global_mean,0,0,0,0.7048587139258344,,-0.4032473583687269,-0.387773882840478,0.0,UMD,HYDRA
43,0.05,top,global_mean,0,0,0,0.9731638713429673,0.6435884835943972,0.3295753877485701,0.3386634654144021,0.0,UMD,HYDRA
43,0.05,bottom,global_mean,0,0,0,0.9731638713429673,1.1014753886229252,-0.12831151727995782,-0.13184972152035035,0.0,UMD,HYDRA
43,0.05,random,global_mean,0,0,0,0.9731638713429673,,-0.20943118350880569,-0.21520627149209642,0.0,UMD,HYDRA
43,0.1,top,global_mean,0,0,0,0.9731638713429673,0.3799622915771138,0.5932015797658535,0.6095591787517314,0.0,UMD,HYDRA
43,0.1,bottom,global_mean,0,0,0,0.9731638713429673,1.4896083431362035,-0.5164444717932362,-0.5306854850612752,0.0,UMD,HYDRA
43,0.1,random,global_mean,0,0,0,0.9731638713429673,,0.2176257262585956,0.22362677966198286,0.0,UMD,HYDRA
43,0.2,top,global_mean,0,0,1,0.9731638713429673,-0.6241412998350145,1.597305171177982,1.0,1.0,UMD,HYDRA
43,0.2,bottom,global_mean,0,0,0,0.9731638713429673,1.8758440635416556,-0.9026801921986882,-0.9275716980546058,0.0,UMD,HYDRA
43,0.2,random,global_mean,0,0,0,0.9731638713429673,,0.5454597299060541,0.3043419885390301,0.4,UMD,HYDRA
44,0.05,top,global_mean,0,0,0,0.9872146878057784,0.6214651558318657,0.3657495319739127,0.3704859398930754,0.0,UMD,HYDRA
44,0.05,bottom,global_mean,0,0,0,0.9872146878057784,1.3868777487533852,-0.39966306094760684,-0.4048386445680503,0.0,UMD,HYDRA
44,0.05,random,global_mean,0,0,0,0.9872146878057784,,0.040229282671511934,0.040750246545339056,0.0,UMD,HYDRA
44,0.1,top,global_mean,0,0,0,0.9872146878057784,0.41123068130363305,0.5759840065021453,0.5834429229769924,0.0,UMD,HYDRA
44,0.1,bottom,global_mean,0,0,0,0.9872146878057784,1.4474968661414005,-0.4602821783356221,-0.4662427714845801,0.0,UMD,HYDRA
44,0.1,random,global_mean,0,0,0,0.9872146878057784,,-0.16660703292480233,-0.168764571899287,0.0,UMD,HYDRA
44,0.2,top,global_mean,0,0,1,0.9872146878057784,-0.6182832892596382,1.6054979770654165,1.0,1.0,UMD,HYDRA
44,0.2,bottom,global_mean,0,0,0,0.9872146878057784,1.830380544029061,-0.8431658562232827,-0.8540847422079909,0.0,UMD,HYDRA
44,0.2,random,global_mean,0,0,0,0.9872146878057784,,-0.16024640123819792,-0.1623215708761349,0.0,UMD,HYDRA
45,0.05,top,global_mean,0,0,2,0.06541366443153118,-0.29356553916360467,0.35897920359513585,1.0,1.0,UMD,HYDRA
45,0.05,bottom,global_mean,0,0,0,0.06541366443153118,0.5002048366827014,-0.43479117225117025,-1.0,0.0,UMD,HYDRA
45,0.05,random,global_mean,0,0,0,0.06541366443153118,,-0.5378144620390884,-1.0,0.2,UMD,HYDRA
45,0.1,top,global_mean,0,0,2,0.06541366443153118,-0.544662046036896,0.6100757104684272,1.0,1.0,UMD,HYDRA
45,0.1,bottom,global_mean,0,0,0,0.06541366443153118,0.4925947486239711,-0.42718108419243994,-1.0,0.0,UMD,HYDRA
45,0.1,random,global_mean,0,0,1,0.06541366443153118,,-0.1143664296553433,-0.2,0.4,UMD,HYDRA
45,0.2,top,global_mean,0,0,1,0.06541366443153118,-0.6294337692095608,0.694847433641092,1.0,1.0,UMD,HYDRA
45,0.2,bottom,global_mean,0,0,0,0.06541366443153118,0.41242158376931526,-0.3470079193377841,-1.0,0.0,UMD,HYDRA
45,0.2,random,global_mean,0,0,0,0.06541366443153118,,-0.25552147994339147,-0.6,0.2,UMD,HYDRA
46,0.05,top,global_mean,0,0,0,0.8954684993197324,0.6360738441032487,0.25939465521648364,0.289674472903365,0.0,UMD,HYDRA
46,0.05,bottom,global_mean,0,0,0,0.8954684993197324,1.2631282485028705,-0.36765974918313815,-0.4105776349305485,0.0,UMD,HYDRA
46,0.05,random,global_mean,0,0,0,0.8954684993197324,,-0.32915032060394983,-0.3675728998631419,0.0,UMD,HYDRA
46,0.1,top,global_mean,0,0,1,0.8954684993197324,-0.4136345264143215,1.309103025734054,1.0,1.0,UMD,HYDRA
46,0.1,bottom,global_mean,0,0,0,0.8954684993197324,1.7019597684297427,-0.8064912691100103,-0.9006351078654082,0.0,UMD,HYDRA
46,0.1,random,global_mean,0,0,0,0.8954684993197324,,-0.008628965858581795,-0.009636247650128804,0.0,UMD,HYDRA
46,0.2,top,global_mean,0,0,1,0.8954684993197324,-0.5424609824371615,1.437929481756894,1.0,1.0,UMD,HYDRA
46,0.2,bottom,global_mean,0,0,0,0.8954684993197324,1.6442274791926135,-0.7487589798728811,-0.8361635772538273,0.0,UMD,HYDRA
46,0.2,random,global_mean,0,0,0,0.8954684993197324,,-0.034762633661132705,-0.0388205669624047,0.0,UMD,HYDRA
47,0.05,top,global_mean,0,0,0,1.071882002056004,0.8069605323856313,0.2649214696703728,0.24715521112119576,0.0,UMD,HYDRA
47,0.05,bottom,global_mean,0,0,0,1.071882002056004,1.7255352796508567,-0.6536532775948527,-0.6098177472178073,0.0,UMD,HYDRA
47,0.05,random,global_mean,0,0,0,1.071882002056004,,-0.06676965427182217,-0.06229192378622456,0.0,UMD,HYDRA
47,0.1,top,global_mean,0,0,0,1.071882002056004,0.7434759540813607,0.32840604797464334,0.30638236388180423,0.0,UMD,HYDRA
47,0.1,bottom,global_mean,0,0,0,1.071882002056004,1.4168853778241548,-0.34500337576815077,-0.32186663573019786,0.0,UMD,HYDRA
47,0.1,random,global_mean,0,0,0,1.071882002056004,,-0.1890962933218967,-0.1764150499253992,0.0,UMD,HYDRA
47,0.2,top,global_mean,0,0,1,1.071882002056004,-0.3334150072467381,1.4052970093027422,1.0,1.0,UMD,HYDRA
47,0.2,bottom,global_mean,0,0,0,1.071882002056004,1.2489095255107512,-0.17702752345474715,-0.16515564022863177,0.0,UMD,HYDRA
47,0.2,random,global_mean,0,0,0,1.071882002056004,,-0.2817951700182184,-0.24001646114624536,0.0,UMD,HYDRA
48,0.05,top,global_mean,1,1,1,0.8712003915943413,0.7104589338628157,0.1607414577315256,0.18450551076067595,0.0,UMD,HYDRA
48,0.05,bottom,global_mean,1,1,1,0.8712003915943413,0.10756416680961212,0.7636362247847291,0.8765323748935219,0.0,UMD,HYDRA
48,0.05,random,global_mean,1,1,1,0.8712003915943413,,1.4949537717957,0.9554302130145027,0.8,UMD,HYDRA
48,0.1,top,global_mean,1,1,1,0.8712003915943413,0.47083794258788103,0.40036244900646023,0.45955212292966763,0.0,UMD,HYDRA
48,0.1,bottom,global_mean,1,1,0,0.8712003915943413,-0.9813719572624062,1.8525723488567474,1.0,1.0,UMD,HYDRA
48,0.1,random,global_mean,1,1,1,0.8712003915943413,,0.8109541637151608,0.7127782903555685,0.2,UMD,HYDRA
48,0.2,top,global_mean,1,1,1,0.8712003915943413,0.06727188189506472,0.8039285096992765,0.9227814802132581,0.0,UMD,HYDRA
48,0.2,bottom,global_mean,1,1,0,0.8712003915943413,-1.1106124603961207,1.9818128519904619,1.0,1.0,UMD,HYDRA
48,0.2,random,global_mean,1,1,1,0.8712003915943413,,1.1803371841645536,0.7362550562228457,0.4,UMD,HYDRA
49,0.05,top,global_mean,1,1,1,0.6592162459810192,0.5634076642304225,0.0958085817505967,0.14533688603370565,0.0,UMD,HYDRA
49,0.05,bottom,global_mean,1,1,0,0.6592162459810192,-0.8478304146354594,1.5070466606164787,1.0,1.0,UMD,HYDRA
49,0.05,random,global_mean,1,1,0,0.6592162459810192,,0.9791418301563859,1.0,1.0,UMD,HYDRA
49,0.1,top,global_mean,1,1,1,0.6592162459810192,0.33571137431582654,0.3235048716651927,0.4907409107353774,0.0,UMD,HYDRA
49,0.1,bottom,global_mean,1,1,0,0.6592162459810192,-0.8775156533886207,1.53673189936964,1.0,1.0,UMD,HYDRA
49,0.1,random,global_mean,1,1,0,0.6592162459810192,,0.8508555272031225,0.7965928110158716,0.6,UMD,HYDRA
49,0.2,top,global_mean,1,1,1,0.6592162459810192,0.2939872528887142,0.36522899309230505,0.554034341969902,0.0,UMD,HYDRA
49,0.2,bottom,global_mean,1,1,0,0.6592162459810192,-1.1341045510595058,1.7933207970405252,1.0,1.0,UMD,HYDRA
49,0.2,random,global_mean,1,1,1,0.6592162459810192,,0.492340541944367,0.668072898924718,0.0,UMD,HYDRA
50,0.05,top,global_mean,1,1,1,1.0448325356192063,0.9487210022952369,0.09611153332396938,0.09198741239388933,0.0,UMD,HYDRA
50,0.05,bottom,global_mean,1,1,1,1.0448325356192063,-0.2829629557428771,1.3277954913620835,1.0,0.0,UMD,HYDRA
50,0.05,random,global_mean,1,1,1,1.0448325356192063,,0.37201672466372643,0.35605358363928835,0.0,UMD,HYDRA
50,0.1,top,global_mean,1,1,1,1.0448325356192063,0.6919611337262349,0.3528714018929714,0.3377297816956526,0.0,UMD,HYDRA
50,0.1,bottom,global_mean,1,1,0,1.0448325356192063,-0.43277572934838926,1.4776082649675955,1.0,1.0,UMD,HYDRA
50,0.1,random,global_mean,1,1,1,1.0448325356192063,,0.472720404101249,0.45243609434980253,0.0,UMD,HYDRA
50,0.2,top,global_mean,1,1,1,1.0448325356192063,0.6943294091675761,0.3505031264516302,0.33546312833834274,0.0,UMD,HYDRA
50,0.2,bottom,global_mean,1,1,0,1.0448325356192063,-0.6506560805103219,1.6954886161295282,1.0,1.0,UMD,HYDRA
50,0.2,random,global_mean,1,1,1,1.0448325356192063,,0.6485785612681345,0.4790279922269109,0.2,UMD,HYDRA
0,0.05,top,local_mean,0,0,0,1.0697847831969483,0.3972743526898841,0.6725104305070642,0.6286402764648207,0.0,UMD,HYDRA
0,0.05,bottom,local_mean,0,0,0,1.0697847831969483,1.026377741597612,0.04340704159933617,0.04057545190927716,0.0,UMD,HYDRA
0,0.05,random,local_mean,0,0,0,1.0697847831969483,,0.04354147787065288,0.04070111844310877,0.0,UMD,HYDRA
0,0.1,top,local_mean,0,0,1,1.0697847831969483,-0.7913619989519651,1.8611467821489134,1.0,1.0,UMD,HYDRA
0,0.1,bottom,local_mean,0,0,0,1.0697847831969483,1.0090160278227622,0.06076875537418602,0.05680460175174945,0.0,UMD,HYDRA
0,0.1,random,local_mean,0,0,0,1.0697847831969483,,0.6553485789509947,0.37127296035190493,0.4,UMD,HYDRA
0,0.2,top,local_mean,0,0,0,1.0697847831969483,0.08081553374130312,0.9889692494556451,0.9244554049879118,0.0,UMD,HYDRA
0,0.2,bottom,local_mean,0,0,0,1.0697847831969483,1.2867079527517817,-0.21692316955483348,-0.20277252975505078,0.0,UMD,HYDRA
0,0.2,random,local_mean,0,0,0,1.0697847831969483,,0.0011191863483313025,0.0010461779974180712,0.0,UMD,HYDRA
1,0.05,top,local_mean,0,0,0,0.909840818558302,0.9287388296086265,-0.018898011050324515,-0.020770655585241757,0.0,UMD,HYDRA
1,0.05,bottom,local_mean,0,0,0,0.909840818558302,0.9310018733292618,-0.021161054770959753,-0.023257949172407453,0.0,UMD,HYDRA
1,0.05,random,local_mean,0,0,0,0.909840818558302,,0.0959441834042968,0.10545149876307731,0.0,UMD,HYDRA
1,0.1,top,local_mean,0,0,0,0.909840818558302,0.9039914431900955,0.005849375368206511,0.006429002546261492,0.0,UMD,HYDRA
1,0.1,bottom,local_mean,0,0,0,0.909840818558302,0.9447225984660381,-0.03488177990773611,-0.038338290454717004,0.0,UMD,HYDRA
1,0.1,random,local_mean,0,0,0,0.909840818558302,,0.006452681096677182,0.00709209113612939,0.0,UMD,HYDRA
1,0.2,top,local_mean,0,0,0,0.909840818558302,0.5770756824828477,0.3327651360754543,0.3657395486643385,0.0,UMD,HYDRA
1,0.2,bottom,local_mean,0,0,0,0.909840818558302,1.0594154714823838,-0.14957465292408179,-0.1643963267824858,0.0,UMD,HYDRA
1,0.2,random,local_mean,0,0,0,0.909840818558302,,-0.05160346853169817,-0.05671696714651664,0.0,UMD,HYDRA
2,0.05,top,local_mean,0,0,0,0.9290371850078927,0.5713278352306846,0.35770934977720803,0.3850319131653013,0.0,UMD,HYDRA
2,0.05,bottom,local_mean,0,0,0,0.9290371850078927,0.9449360432404146,-0.015898858232521906,-0.017113245170204534,0.0,UMD,HYDRA
2,0.05,random,local_mean,0,0,0,0.9290371850078927,,0.07659086433582543,0.08244102941277354,0.0,UMD,HYDRA
2,0.1,top,local_mean,0,0,1,0.9290371850078927,-0.801519165975541,1.7305563509834336,1.0,1.0,UMD,HYDRA
2,0.1,bottom,local_mean,0,0,0,0.9290371850078927,0.9718935738128802,-0.042856388804987544,-0.04612984643319419,0.0,UMD,HYDRA
2,0.1,random,local_mean,0,0,0,0.9290371850078927,,0.03617105132006648,0.03893386935409892,0.0,UMD,HYDRA
2,0.2,top,local_mean,0,0,1,0.9290371850078927,-0.3850608397334813,1.314098024741374,1.0,1.0,UMD,HYDRA
2,0.2,bottom,local_mean,0,0,0,0.9290371850078927,1.1979147198394835,-0.2688775348315908,-0.2894149445851965,0.0,UMD,HYDRA
2,0.2,random,local_mean,0,0,0,0.9290371850078927,,0.4546011040855992,0.4028053797557069,0.2,UMD,HYDRA
3,0.05,top,local_mean,0,0,0,0.888739115923252,0.6970257490478404,0.19171336687541163,0.2157136416378072,0.0,UMD,HYDRA
3,0.05,bottom,local_mean,0,0,0,0.888739115923252,0.8724563518976018,0.01628276402565021,0.018321175936494266,0.0,UMD,HYDRA
3,0.05,random,local_mean,0,0,0,0.888739115923252,,-0.02692152841388302,-0.030291789389878126,0.0,UMD,HYDRA
3,0.1,top,local_mean,0,0,1,0.888739115923252,-0.7577225172879705,1.6464616332112225,1.0,1.0,UMD,HYDRA
3,0.1,bottom,local_mean,0,0,0,0.888739115923252,0.9381966176566692,-0.04945750173341712,-0.05564900340077376,0.0,UMD,HYDRA
3,0.1,random,local_mean,0,0,0,0.888739115923252,,0.03178404728104891,0.035763038836196345,0.0,UMD,HYDRA
3,0.2,top,local_mean,0,0,0,0.888739115923252,0.02567858597237288,0.8630605299508791,0.9711056297422828,0.0,UMD,HYDRA
3,0.2,bottom,local_mean,0,0,0,0.888739115923252,1.022290852002916,-0.13355173607966386,-0.1502708538602716,0.0,UMD,HYDRA
3,0.2,random,local_mean,0,0,0,0.888739115923252,,0.3327136866979786,0.3356482205538875,0.0,UMD,HYDRA
4,0.05,top,local_mean,0,0,0,0.6869682857319845,0.806776804420146,-0.11980851868816145,-0.17440156521772612,0.0,UMD,HYDRA
4,0.05,bottom,local_mean,0,0,0,0.6869682857319845,0.6539381403499241,0.033030145382060394,0.04808096383358081,0.0,UMD,HYDRA
4,0.05,random,local_mean,0,0,0,0.6869682857319845,,-0.04521898048365482,-0.06582387513216514,0.0,UMD,HYDRA
4,0.1,top,local_mean,0,0,0,0.6869682857319845,0.6070519353753097,0.07991635035667488,0.11633176623249149,0.0,UMD,HYDRA
4,0.1,bottom,local_mean,0,0,0,0.6869682857319845,0.6690296764835899,0.017938609248394632,0.02611268017503949,0.0,UMD,HYDRA
4,0.1,random,local_mean,0,0,0,0.6869682857319845,,0.10937674482515705,0.15921635376844123,0.0,UMD,HYDRA
4,0.2,top,local_mean,0,0,0,0.6869682857319845,0.3281154638840873,0.35885282184789724,0.5223709841198064,0.0,UMD,HYDRA
4,0.2,bottom,local_mean,0,0,0,0.6869682857319845,0.9579814208226072,-0.27101313509062264,-0.39450546148049503,0.0,UMD,HYDRA
4,0.2,random,local_mean,0,0,0,0.6869682857319845,,0.2846584348017004,0.3345126359519747,0.2,UMD,HYDRA
5,0.05,top,local_mean,0,0,1,0.575974155737001,-0.6584227125245794,1.2343968682615802,1.0,1.0,UMD,HYDRA
5,0.05,bottom,local_mean,0,0,0,0.575974155737001,0.5726215125603138,0.0033526431766871534,0.005820812136240858,0.0,UMD,HYDRA
5,0.05,random,local_mean,0,0,0,0.575974155737001,,-0.012823032307616366,-0.02226316913132892,0.0,UMD,HYDRA
5,0.1,top,local_mean,0,0,1,0.575974155737001,-0.6461769377295599,1.222151093466561,1.0,1.0,UMD,HYDRA
5,0.1,bottom,local_mean,0,0,0,0.575974155737001,0.5352772009437224,0.040696954793278506,0.07065748303189201,0.0,UMD,HYDRA
5,0.1,random,local_mean,0,0,0,0.575974155737001,,0.14981983268141552,0.15519101387849168,0.2,UMD,HYDRA
5,0.2,top,local_mean,0,0,0,0.575974155737001,0.2633753046484618,0.31259885108853913,0.5427297479325246,0.0,UMD,HYDRA
5,0.2,bottom,local_mean,0,0,0,0.575974155737001,0.8224605365793611,-0.2464863808423602,-0.42794620286523194,0.0,UMD,HYDRA
5,0.2,random,local_mean,0,0,0,0.575974155737001,,0.12433906158941355,0.215875737609399,0.0,UMD,HYDRA
6,0.05,top,local_mean,0,0,0,0.9185464273138038,0.9473817799026516,-0.02883535258884784,-0.031392339395227335,0.0,UMD,HYDRA
6,0.05,bottom,local_mean,0,0,0,0.9185464273138038,0.9028795416047963,0.015666885709007428,0.01705615327324317,0.0,UMD,HYDRA
6,0.05,random,local_mean,0,0,0,0.9185464273138038,,-0.011961687551379895,-0.013022395137897894,0.0,UMD,HYDRA
6,0.1,top,local_mean,0,0,1,0.9185464273138038,-0.7260590554595043,1.644605482773308,1.0,1.0,UMD,HYDRA
6,0.1,bottom,local_mean,0,0,0,0.9185464273138038,0.9167004138373287,0.0018460134764750613,0.0020097094843251973,0.0,UMD,HYDRA
6,0.1,random,local_mean,0,0,0,0.9185464273138038,,0.3218223210806059,0.19978851753808552,0.2,UMD,HYDRA
6,0.2,top,local_mean,0,0,0,0.9185464273138038,-0.16011080340068504,1.0786572307144888,1.0,0.0,UMD,HYDRA
6,0.2,bottom,local_mean,0,0,0,0.9185464273138038,1.1828682359280691,-0.26432180861426535,-0.28776065421820074,0.0,UMD,HYDRA
6,0.2,random,local_mean,0,0,0,0.9185464273138038,,0.4489082198941059,0.3925185608321117,0.2,UMD,HYDRA
7,0.05,top,local_mean,0,0,0,1.052382936530794,0.6668542314149928,0.3855287051158012,0.3663384547532194,0.0,UMD,HYDRA
7,0.05,bottom,local_mean,0,0,0,1.052382936530794,1.0230355290217121,0.029347407509081824,0.027886597742860064,0.0,UMD,HYDRA
7,0.05,random,local_mean,0,0,0,1.052382936530794,,0.011284532398077252,0.010722828433961992,0.0,UMD,HYDRA
7,0.1,top,local_mean,0,0,1,1.052382936530794,-0.8126781928411981,1.865061129371992,1.0,1.0,UMD,HYDRA
7,0.1,bottom,local_mean,0,0,0,1.052382936530794,0.9983285722418658,0.05405436428892818,0.051363729920773545,0.0,UMD,HYDRA
7,0.1,random,local_mean,0,0,0,1.052382936530794,,0.01371869705770381,0.013035829017808642,0.0,UMD,HYDRA
7,0.2,top,local_mean,0,0,1,1.052382936530794,-0.41549037675642486,1.4678733132872188,1.0,1.0,UMD,HYDRA
7,0.2,bottom,local_mean,0,0,0,1.052382936530794,1.1846084617123145,-0.13222552518152053,-0.12564380792185484,0.0,UMD,HYDRA
7,0.2,random,local_mean,0,0,0,1.052382936530794,,0.7414891526433852,0.5948737354857293,0.4,UMD,HYDRA
8,0.05,top,local_mean,0,0,0,0.7607712042483232,0.537777386211889,0.22299381803643425,0.29311509646538947,0.0,UMD,HYDRA
8,0.05,bottom,local_mean,0,0,0,0.7607712042483232,0.8105516907636383,-0.04978048651531508,-0.06543415524033297,0.0,UMD,HYDRA
8,0.05,random,local_mean,0,0,0,0.7607712042483232,,0.008058507598155495,0.010592536837117566,0.0,UMD,HYDRA
8,0.1,top,local_mean,0,0,0,0.7607712042483232,0.41835327285705914,0.3424179313912641,0.4500925894494111,0.0,UMD,HYDRA
8,0.1,bottom,local_mean,0,0,0,0.7607712042483232,0.7788674632476769,-0.01809625899935363,-0.023786698433907086,0.0,UMD,HYDRA
8,0.1,random,local_mean,0,0,0,0.7607712042483232,,-0.013781318305745093,-0.018114907759230824,0.0,UMD,HYDRA
8,0.2,top,local_mean,0,0,0,0.7607712042483232,0.18352793017827795,0.5772432740700453,0.7587596797656235,0.0,UMD,HYDRA
8,0.2,bottom,local_mean,0,0,0,0.7607712042483232,1.0863143271189952,-0.325543122870672,-0.4279114313756022,0.0,UMD,HYDRA
8,0.2,random,local_mean,0,0,0,0.7607712042483232,,0.09436584810574034,0.12403955819991871,0.0,UMD,HYDRA
9,0.05,top,local_mean,0,0,0,0.33828122957812423,0.31558450210664235,0.02269672747148188,0.06709405782203588,0.0,UMD,HYDRA
9,0.05,bottom,local_mean,0,0,0,0.33828122957812423,0.40494396551509704,-0.0666627359369728,-0.19706248247242752,0.0,UMD,HYDRA
9,0.05,random,local_mean,0,0,0,0.33828122957812423,,0.052520792283867745,0.15525731975151946,0.0,UMD,HYDRA
9,0.1,top,local_mean,0,0,0,0.33828122957812423,0.35810174295153474,-0.01982051337341051,-0.05859164815760173,0.0,UMD,HYDRA
9,0.1,bottom,local_mean,0,0,0,0.33828122957812423,0.41662892450993483,-0.0783476949318106,-0.23160452451055127,0.0,UMD,HYDRA
9,0.1,random,local_mean,0,0,0,0.33828122957812423,,-0.061178912908980275,-0.1368734989069731,0.0,UMD,HYDRA
9,0.2,top,local_mean,0,0,0,0.33828122957812423,0.15419048464182467,0.18409074493629957,0.5441927740806288,0.0,UMD,HYDRA
9,0.2,bottom,local_mean,0,0,0,0.33828122957812423,0.44439723277641696,-0.10611600319829273,-0.31369074080725806,0.0,UMD,HYDRA
9,0.2,random,local_mean,0,0,0,0.33828122957812423,,-0.08293723008548233,-0.08368710858557779,0.0,UMD,HYDRA
10,0.05,top,local_mean,0,0,0,0.684343225283603,0.4357859038007921,0.24855732148281096,0.36320511271912154,0.0,UMD,HYDRA
10,0.05,bottom,local_mean,0,0,0,0.684343225283603,0.7042719384573339,-0.019928713173730905,-0.029120890390318017,0.0,UMD,HYDRA
10,0.05,random,local_mean,0,0,0,0.684343225283603,,-0.04656494458979661,-0.06804316142289263,0.0,UMD,HYDRA
10,0.1,top,local_mean,0,0,0,0.684343225283603,0.32737262457570304,0.3569706007079,0.5216243339526475,0.0,UMD,HYDRA
10,0.1,bottom,local_mean,0,0,0,0.684343225283603,0.6385718155479464,0.04577140973565663,0.06688360629723768,0.0,UMD,HYDRA
10,0.1,random,local_mean,0,0,0,0.684343225283603,,0.35733702143282076,0.28829189723375015,0.2,UMD,HYDRA
10,0.2,top,local_mean,0,0,1,0.684343225283603,-0.23055725051999157,0.9149004758035946,1.0,1.0,UMD,HYDRA
10,0.2,bottom,local_mean,0,0,0,0.684343225283603,0.7821209445987178,-0.09777771931511481,-0.1428779782200897,0.0,UMD,HYDRA
10,0.2,random,local_mean,0,0,0,0.684343225283603,,-0.20780614313079612,-0.3036573342087865,0.0,UMD,HYDRA
11,0.05,top,local_mean,0,0,0,0.3366846401608614,0.3779945088613872,-0.041309868700525776,-0.12269566554958738,0.0,UMD,HYDRA
11,0.05,bottom,local_mean,0,0,0,0.3366846401608614,0.32774933189533906,0.008935308265522357,0.02653902394308606,0.0,UMD,HYDRA
11,0.05,random,local_mean,0,0,0,0.3366846401608614,,0.10442901492408455,0.1771623843123137,0.0,UMD,HYDRA
11,0.1,top,local_mean,0,0,1,0.3366846401608614,-0.7185056673453436,1.055190307506205,1.0,1.0,UMD,HYDRA
11,0.1,bottom,local_mean,0,0,0,0.3366846401608614,0.31379141529089705,0.022893224869964368,0.06799584579558089,0.0,UMD,HYDRA
11,0.1,random,local_mean,0,0,0,0.3366846401608614,,0.2863299114156548,-0.04149990855484167,0.4,UMD,HYDRA
11,0.2,top,local_mean,0,0,0,0.3366846401608614,0.08514331509205503,0.2515413250688064,0.7471103458663255,0.0,UMD,HYDRA
11,0.2,bottom,local_mean,0,0,0,0.3366846401608614,0.6357521911492265,-0.2990675509883651,-0.8882693982596849,0.0,UMD,HYDRA
11,0.2,random,local_mean,0,0,1,0.3366846401608614,,0.11000512143123209,-0.05789883485673343,0.6,UMD,HYDRA
12,0.05,top,local_mean,0,0,0,0.7639688413188555,0.24212969647955485,0.5218391448393006,0.6830624935906369,0.0,UMD,HYDRA
12,0.05,bottom,local_mean,0,0,0,0.7639688413188555,0.819563131734611,-0.05559429041575559,-0.07277026841764084,0.0,UMD,HYDRA
12,0.05,random,local_mean,0,0,0,0.7639688413188555,,0.013222486360432528,0.0173076025325899,0.0,UMD,HYDRA
12,0.1,top,local_mean,0,0,1,0.7639688413188555,-0.8767155492378877,1.6406843905567432,1.0,1.0,UMD,HYDRA
12,0.1,bottom,local_mean,0,0,0,0.7639688413188555,0.792402382420951,-0.028433541102095505,-0.03721814601085581,0.0,UMD,HYDRA
12,0.1,random,local_mean,0,0,0,0.7639688413188555,,-0.1195225519869167,-0.15644930666449172,0.0,UMD,HYDRA
12,0.2,top,local_mean,0,0,1,0.7639688413188555,-0.318211229440948,1.0821800707598035,1.0,1.0,UMD,HYDRA
12,0.2,bottom,local_mean,0,0,0,0.7639688413188555,1.0549397162121708,-0.2909708748933153,-0.38086696510297685,0.0,UMD,HYDRA
12,0.2,random,local_mean,0,0,0,0.7639688413188555,,0.12551859541166732,0.08990259475682712,0.2,UMD,HYDRA
13,0.05,top,local_mean,0,0,0,0.8184019646086886,0.7787010188691463,0.039700945739542304,0.048510266282484595,0.0,UMD,HYDRA
13,0.05,bottom,local_mean,0,0,0,0.8184019646086886,0.8173527831474514,0.0010491814612372252,0.001281986388867593,0.0,UMD,HYDRA
13,0.05,random,local_mean,0,0,0,0.8184019646086886,,0.0012215471803023181,0.0014925986746472618,0.0,UMD,HYDRA
13,0.1,top,local_mean,0,0,0,0.8184019646086886,0.8008497291593579,0.01755223544933071,0.0214469353220429,0.0,UMD,HYDRA
13,0.1,bottom,local_mean,0,0,0,0.8184019646086886,0.7712870141222758,0.04711495048641279,0.05756937905148027,0.0,UMD,HYDRA
13,0.1,random,local_mean,0,0,0,0.8184019646086886,,0.22661162881213684,0.23293931440023488,0.0,UMD,HYDRA
13,0.2,top,local_mean,0,0,1,0.8184019646086886,-0.8076529924881755,1.626054957096864,1.0,1.0,UMD,HYDRA
13,0.2,bottom,local_mean,0,0,0,0.8184019646086886,1.0749587042951938,-0.25655673968650516,-0.31348461672444605,0.0,UMD,HYDRA
13,0.2,random,local_mean,0,0,0,0.8184019646086886,,0.28019294501610476,0.3423655059095201,0.0,UMD,HYDRA
14,0.05,top,local_mean,0,0,0,0.9034203209356326,0.8565448469331434,0.04687547400248926,0.05188661471254901,0.0,UMD,HYDRA
14,0.05,bottom,local_mean,0,0,0,0.9034203209356326,0.9030396463605082,0.00038067457512447334,0.00042136992597233136,0.0,UMD,HYDRA
14,0.05,random,local_mean,0,0,0,0.9034203209356326,,-0.008702609049770072,-0.009632946276668755,0.0,UMD,HYDRA
14,0.1,top,local_mean,0,0,0,0.9034203209356326,0.616210721674026,0.2872095992616066,0.3179132400419293,0.0,UMD,HYDRA
14,0.1,bottom,local_mean,0,0,0,0.9034203209356326,0.9434698881838381,-0.04004956724820552,-0.04433099631379962,0.0,UMD,HYDRA
14,0.1,random,local_mean,0,0,0,0.9034203209356326,,0.13514218088253602,0.13252052674425235,0.0,UMD,HYDRA
14,0.2,top,local_mean,0,0,1,0.9034203209356326,-0.7745454070727325,1.677965728008365,1.0,1.0,UMD,HYDRA
14,0.2,bottom,local_mean,0,0,0,0.9034203209356326,1.1855422655862655,-0.2821219446506329,-0.31228169859711963,0.0,UMD,HYDRA
14,0.2,random,local_mean,0,0,0,0.9034203209356326,,-0.16435084903225944,-0.18192048961391422,0.0,UMD,HYDRA
15,0.05,top,local_mean,0,0,0,0.7000230511364434,0.4054023086350258,0.29462074250141757,0.4208723143485142,0.0,UMD,HYDRA
15,0.05,bottom,local_mean,0,0,0,0.7000230511364434,0.7012558568041121,-0.0012328056676687016,-0.0017610904449173168,0.0,UMD,HYDRA
15,0.05,random,local_mean,0,0,0,0.7000230511364434,,0.05044103429625128,0.07205614466297773,0.0,UMD,HYDRA
15,0.1,top,local_mean,0,0,0,0.7000230511364434,0.3177308509440705,0.38229220019237287,0.546112950793257,0.0,UMD,HYDRA
15,0.1,bottom,local_mean,0,0,0,0.7000230511364434,0.6892466086190141,0.010776442517429263,0.015394388949828811,0.0,UMD,HYDRA
15,0.1,random,local_mean,0,0,0,0.7000230511364434,,0.24226731157369516,0.1552146689542009,0.2,UMD,HYDRA
15,0.2,top,local_mean,0,0,0,0.7000230511364434,-0.06639030889706432,0.7664133600335077,1.0,0.0,UMD,HYDRA
15,0.2,bottom,local_mean,0,0,2,0.7000230511364434,0.8329310148616973,-0.13290796372525393,-0.18986199618354044,1.0,UMD,HYDRA
15,0.2,random,local_mean,0,0,0,0.7000230511364434,,-0.06848511071375096,-0.09783251104382751,0.0,UMD,HYDRA
16,0.05,top,local_mean,0,0,0,0.5259255061570153,0.2692642447388054,0.2566612614182099,0.488017353020773,0.0,UMD,HYDRA
16,0.05,bottom,local_mean,0,0,0,0.5259255061570153,0.5156320175356893,0.010293488621325952,0.019572104658769247,0.0,UMD,HYDRA
16,0.05,random,local_mean,0,0,0,0.5259255061570153,,-0.017246540529750387,-0.03279268172994771,0.0,UMD,HYDRA
16,0.1,top,local_mean,0,0,0,0.5259255061570153,0.3171657122166025,0.20875979394041277,0.39693719844211,0.0,UMD,HYDRA
16,0.1,bottom,local_mean,0,0,0,0.5259255061570153,0.5833529021457146,-0.05742739598869928,-0.10919281556718942,0.0,UMD,HYDRA
16,0.1,random,local_mean,0,0,0,0.5259255061570153,,0.005422092777110588,0.010309601652767475,0.0,UMD,HYDRA
16,0.2,top,local_mean,0,0,1,0.5259255061570153,-0.5716050975710341,1.0975306037280492,1.0,1.0,UMD,HYDRA
16,0.2,bottom,local_mean,0,0,0,0.5259255061570153,0.820683539517916,-0.2947580333609007,-0.5604547972200905,0.0,UMD,HYDRA
16,0.2,random,local_mean,0,0,0,0.5259255061570153,,-0.030223413556205104,-0.057466990544077855,0.2,UMD,HYDRA
17,0.05,top,local_mean,0,0,0,0.950868675419003,0.39650751682257945,0.5543611585964235,0.5830043516238363,0.0,UMD,HYDRA
17,0.05,bottom,local_mean,0,0,0,0.950868675419003,0.9944958244621274,-0.04362714904312437,-0.04588131283490554,0.0,UMD,HYDRA
17,0.05,random,local_mean,0,0,0,0.950868675419003,,0.006694999685103698,0.0070409224925103734,0.0,UMD,HYDRA
17,0.1,top,local_mean,0,0,1,0.950868675419003,-0.8050602472715502,1.7559289226905532,1.0,1.0,UMD,HYDRA
17,0.1,bottom,local_mean,0,0,0,0.950868675419003,1.125076157716587,-0.1742074822975841,-0.1832085792627882,0.0,UMD,HYDRA
17,0.1,random,local_mean,0,0,0,0.950868675419003,,0.4489691543340374,0.30844909287337235,0.2,UMD,HYDRA
17,0.2,top,local_mean,0,0,1,0.950868675419003,-0.4608691910517882,1.4117378664707911,1.0,1.0,UMD,HYDRA
17,0.2,bottom,local_mean,0,0,0,0.950868675419003,1.4669356442700312,-0.5160669688510282,-0.5427315458594492,0.0,UMD,HYDRA
17,0.2,random,local_mean,0,0,0,0.950868675419003,,-0.11123210954759215,-0.11697934261977327,0.0,UMD,HYDRA
18,0.05,top,local_mean,0,0,0,0.5629674381578796,0.2645526476415929,0.2984147905162867,0.5300737488814583,0.0,UMD,HYDRA
18,0.05,bottom,local_mean,0,0,0,0.5629674381578796,0.6399034190891152,-0.07693598093123555,-0.13666126858369193,0.0,UMD,HYDRA
18,0.05,random,local_mean,0,0,0,0.5629674381578796,,0.002265957549209707,0.004025017026930095,0.0,UMD,HYDRA
18,0.1,top,local_mean,0,0,0,0.5629674381578796,-0.02980024833039724,0.5927676864882769,1.0,0.0,UMD,HYDRA
18,0.1,bottom,local_mean,0,0,0,0.5629674381578796,0.5364036846279548,0.026563753529924794,0.04718515591539293,0.0,UMD,HYDRA
18,0.1,random,local_mean,0,0,0,0.5629674381578796,,0.004696751026718471,0.008342831868313918,0.0,UMD,HYDRA
18,0.2,top,local_mean,0,0,0,0.5629674381578796,0.3281592011652035,0.23480823699267617,0.41708952239135333,0.0,UMD,HYDRA
18,0.2,bottom,local_mean,0,0,0,0.5629674381578796,0.9741910751087537,-0.41122363695087405,-0.7304559351434723,0.0,UMD,HYDRA
18,0.2,random,local_mean,0,0,0,0.5629674381578796,,-0.2648068332840821,-0.4703759843990034,0.0,UMD,HYDRA
19,0.05,top,local_mean,0,0,0,0.5604003770050141,-0.028830519654353126,0.5892308966593672,1.0,0.0,UMD,HYDRA
19,0.05,bottom,local_mean,0,0,0,0.5604003770050141,0.5418355082334453,0.01856486877156882,0.03312780719916524,0.0,UMD,HYDRA
19,0.05,random,local_mean,0,0,0,0.5604003770050141,,0.011718468488005174,0.020910848846647862,0.0,UMD,HYDRA
19,0.1,top,local_mean,0,0,1,0.5604003770050141,-0.794008404150311,1.3544087811553251,1.0,1.0,UMD,HYDRA
19,0.1,bottom,local_mean,0,0,0,0.5604003770050141,0.6115616820599895,-0.0511613050549754,-0.0912940387984051,0.0,UMD,HYDRA
19,0.1,random,local_mean,0,0,0,0.5604003770050141,,0.11572252761814165,0.20649936343233904,0.0,UMD,HYDRA
19,0.2,top,local_mean,0,0,0,0.5604003770050141,-0.041616459666581784,0.6020168366715959,1.0,0.0,UMD,HYDRA
19,0.2,bottom,local_mean,0,0,0,0.5604003770050141,0.8121252055559021,-0.25172482855088796,-0.44918667026872006,0.0,UMD,HYDRA
19,0.2,random,local_mean,0,0,0,0.5604003770050141,,0.12863368742086595,-0.130996901157152,0.2,UMD,HYDRA
20,0.05,top,local_mean,0,0,0,0.9162435357072347,0.5455522223224755,0.37069131338475925,0.4045768339547351,0.0,UMD,HYDRA
20,0.05,bottom,local_mean,0,0,0,0.9162435357072347,0.933687134460101,-0.017443598752866274,-0.01903814764843518,0.0,UMD,HYDRA
20,0.05,random,local_mean,0,0,0,0.9162435357072347,,0.21246301176396537,0.19148053846142835,0.0,UMD,HYDRA
20,0.1,top,local_mean,0,0,0,0.9162435357072347,0.557851286384978,0.35839224932225666,0.39115349162286606,0.0,UMD,HYDRA
20,0.1,bottom,local_mean,0,0,0,0.9162435357072347,0.9129887067158973,0.003254828991337444,0.0035523584201515514,0.0,UMD,HYDRA
20,0.1,random,local_mean,0,0,0,0.9162435357072347,,-0.06402476279333044,-0.06987737475990594,0.0,UMD,HYDRA
20,0.2,top,local_mean,0,0,1,0.9162435357072347,-0.3699272736516723,1.286170809358907,1.0,1.0,UMD,HYDRA
20,0.2,bottom,local_mean,0,0,0,0.9162435357072347,1.2584460621711422,-0.3422025264639075,-0.37348383878738955,0.0,UMD,HYDRA
20,0.2,random,local_mean,0,0,0,0.9162435357072347,,-0.096884530349547,-0.10574090930295521,0.0,UMD,HYDRA
21,0.05,top,local_mean,0,0,0,0.6618427843741497,0.22148211052921585,0.4403606738449338,0.6653543996962155,0.0,UMD,HYDRA
21,0.05,bottom,local_mean,0,0,0,0.6618427843741497,0.5973398942293825,0.06450289014476718,0.09745938795173874,0.0,UMD,HYDRA
21,0.05,random,local_mean,0,0,0,0.6618427843741497,,-0.036954600338913735,-0.05583583499822183,0.0,UMD,HYDRA
21,0.1,top,local_mean,0,0,1,0.6618427843741497,-0.9793488279388982,1.6411916123130479,1.0,1.0,UMD,HYDRA
21,0.1,bottom,local_mean,0,0,0,0.6618427843741497,0.6805329981718704,-0.018690213797720734,-0.028239615206773462,0.0,UMD,HYDRA
21,0.1,random,local_mean,0,0,0,0.6618427843741497,,0.20509536024680175,0.2980775176332414,0.0,UMD,HYDRA
21,0.2,top,local_mean,0,0,1,0.6618427843741497,-0.7062508672869504,1.3680936516611002,1.0,1.0,UMD,HYDRA
21,0.2,bottom,local_mean,0,0,0,0.6618427843741497,0.986542866327615,-0.32470008195346534,-0.4905992767772338,0.0,UMD,HYDRA
21,0.2,random,local_mean,0,0,0,0.6618427843741497,,-0.2442820383008773,-0.3690931970175929,0.0,UMD,HYDRA
22,0.05,top,local_mean,0,0,1,0.9102566625921833,-0.7455882370279636,1.655844899620147,1.0,1.0,UMD,HYDRA
22,0.05,bottom,local_mean,0,0,0,0.9102566625921833,0.8944721639229161,0.015784498669267233,0.01734069299050664,0.0,UMD,HYDRA
22,0.05,random,local_mean,0,0,0,0.9102566625921833,,0.06167320150587354,0.06775356477664125,0.0,UMD,HYDRA
22,0.1,top,local_mean,0,0,1,0.9102566625921833,-0.7538441220327032,1.6641007846248865,1.0,1.0,UMD,HYDRA
22,0.1,bottom,local_mean,0,0,0,0.9102566625921833,0.9078765318350912,0.0023801307570920915,0.002614787938520706,0.0,UMD,HYDRA
22,0.1,random,local_mean,0,0,0,0.9102566625921833,,0.15291533547388342,0.16799126418603197,0.0,UMD,HYDRA
22,0.2,top,local_mean,0,0,1,0.9102566625921833,-0.4736631165571312,1.3839197791493145,1.0,1.0,UMD,HYDRA
22,0.2,bottom,local_mean,0,0,0,0.9102566625921833,1.2062551763313523,-0.29599851373916897,-0.32518101841212754,0.0,UMD,HYDRA
22,0.2,random,local_mean,0,0,0,0.9102566625921833,,0.2000110678473165,0.1550373802010817,0.2,UMD,HYDRA
23,0.05,top,local_mean,0,0,0,0.8815940440654506,0.8812315039807161,0.000362540084734464,0.0004112319904415758,0.0,UMD,HYDRA
23,0.05,bottom,local_mean,0,0,0,0.8815940440654506,0.8572902778165326,0.024303766248918057,0.027567947905925066,0.0,UMD,HYDRA
23,0.05,random,local_mean,0,0,0,0.8815940440654506,,-0.004187148681514152,-0.004749514768373962,0.0,UMD,HYDRA
23,0.1,top,local_mean,0,0,0,0.8815940440654506,0.688092486669662,0.19350155739578856,0.21949029625150976,0.0,UMD,HYDRA
23,0.1,bottom,local_mean,0,0,0,0.8815940440654506,0.9260034533232049,-0.04440940925775427,-0.0503739325177709,0.0,UMD,HYDRA
23,0.1,random,local_mean,0,0,0,0.8815940440654506,,0.048344420658859466,0.05483744604089484,0.0,UMD,HYDRA
23,0.2,top,local_mean,0,0,1,0.8815940440654506,-0.8235544201723131,1.7051484642377637,1.0,1.0,UMD,HYDRA
23,0.2,bottom,local_mean,0,0,0,0.8815940440654506,1.1514388409328977,-0.2698447968674471,-0.3060870165774361,0.0,UMD,HYDRA
23,0.2,random,local_mean,0,0,0,0.8815940440654506,,0.19755259838048192,0.04537558133002836,0.2,UMD,HYDRA
24,0.05,top,local_mean,0,0,0,1.027281908729688,0.7464092603221053,0.28087264840758275,0.2734131425927282,0.0,UMD,HYDRA
24,0.05,bottom,local_mean,0,0,0,1.027281908729688,1.002764259337389,0.024517649392298946,0.02386650180193969,0.0,UMD,HYDRA
24,0.05,random,local_mean,0,0,0,1.027281908729688,,0.17893068130033005,0.1741785829198611,0.0,UMD,HYDRA
24,0.1,top,local_mean,0,0,0,1.027281908729688,0.2676443282299331,0.7596375804997549,0.7394628821763457,0.0,UMD,HYDRA
24,0.1,bottom,local_mean,0,0,0,1.027281908729688,1.0148305757627818,0.012451332966906259,0.01212064647537382,0.0,UMD,HYDRA
24,0.1,random,local_mean,0,0,0,1.027281908729688,,0.1198182113915521,0.11663604093220656,0.0,UMD,HYDRA
24,0.2,top,local_mean,0,0,2,1.027281908729688,-0.6112904292988675,1.6385723380285555,1.0,1.0,UMD,HYDRA
24,0.2,bottom,local_mean,0,0,0,1.027281908729688,1.1729192049831332,-0.14563729625344513,-0.1417694142634345,0.0,UMD,HYDRA
24,0.2,random,local_mean,0,0,0,1.027281908729688,,0.05199992982097368,0.05061889901903991,0.0,UMD,HYDRA
25,0.05,top,local_mean,0,0,0,0.8178204135667131,0.48948115745448795,0.32833925611222514,0.4014803851616697,0.0,UMD,HYDRA
25,0.05,bottom,local_mean,0,0,0,0.8178204135667131,0.9337222636738676,-0.11590185010715448,-0.14172024378975237,0.0,UMD,HYDRA
25,0.05,random,local_mean,0,0,0,0.8178204135667131,,0.026687707687294716,0.032632683914331974,0.0,UMD,HYDRA
25,0.1,top,local_mean,0,0,1,0.8178204135667131,-0.7912318456287358,1.6090522591954488,1.0,1.0,UMD,HYDRA
25,0.1,bottom,local_mean,0,0,0,0.8178204135667131,1.020718674029069,-0.20289826046235593,-0.24809604773916166,0.0,UMD,HYDRA
25,0.1,random,local_mean,0,0,0,0.8178204135667131,,0.22704328797857035,0.2776196419073704,0.0,UMD,HYDRA
25,0.2,top,local_mean,0,0,2,0.8178204135667131,-0.557385071652103,1.375205485218816,1.0,1.0,UMD,HYDRA
25,0.2,bottom,local_mean,0,0,0,0.8178204135667131,1.2755818965597896,-0.4577614829930765,-0.559732816235112,0.0,UMD,HYDRA
25,0.2,random,local_mean,0,0,1,0.8178204135667131,,0.7122996351644499,0.5031514359778355,0.6,UMD,HYDRA
26,0.05,top,local_mean,0,0,1,0.9080249277671331,-0.7559477380002956,1.6639726657674285,1.0,1.0,UMD,HYDRA
26,0.05,bottom,local_mean,0,0,0,0.9080249277671331,0.9039736163211147,0.004051311446018335,0.004461669344597515,0.0,UMD,HYDRA
26,0.05,random,local_mean,0,0,0,0.9080249277671331,,0.058380573924893195,0.0642939503593835,0.0,UMD,HYDRA
26,0.1,top,local_mean,0,0,1,0.9080249277671331,-0.8644195510612669,1.7724444788284,1.0,1.0,UMD,HYDRA
26,0.1,bottom,local_mean,0,0,0,0.9080249277671331,0.8804078765916663,0.027617051175466756,0.030414386121526322,0.0,UMD,HYDRA
26,0.1,random,local_mean,0,0,0,0.9080249277671331,,0.2304511517010615,0.25379358083722214,0.0,UMD,HYDRA
26,0.2,top,local_mean,0,0,1,0.9080249277671331,-0.38595108442904213,1.2939760121961752,1.0,1.0,UMD,HYDRA
26,0.2,bottom,local_mean,0,0,0,0.9080249277671331,1.1153438305845667,-0.2073189028174336,-0.22831826325404372,0.0,UMD,HYDRA
26,0.2,random,local_mean,0,0,0,0.9080249277671331,,-0.17315214276111587,-0.19069074733020336,0.0,UMD,HYDRA
27,0.05,top,local_mean,0,0,0,0.8924520044909356,0.25978767952538595,0.6326643249655497,0.7089049191183214,0.0,UMD,HYDRA
27,0.05,bottom,local_mean,0,0,0,0.8924520044909356,0.9420398027086199,-0.04958779821768422,-0.05556348397971903,0.0,UMD,HYDRA
27,0.05,random,local_mean,0,0,0,0.8924520044909356,,0.3137673766932453,0.2090746362060499,0.2,UMD,HYDRA
27,0.1,top,local_mean,0,0,1,0.8924520044909356,-0.8684111455446104,1.760863150035546,1.0,1.0,UMD,HYDRA
27,0.1,bottom,local_mean,0,0,0,0.8924520044909356,0.9223880743299702,-0.029936069839034518,-0.033543581217601884,0.0,UMD,HYDRA
27,0.1,random,local_mean,0,0,1,0.8924520044909356,,0.7903899535560729,0.6878977109795906,0.4,UMD,HYDRA
27,0.2,top,local_mean,0,0,2,0.8924520044909356,-0.6676951249329741,1.5601471294239098,1.0,1.0,UMD,HYDRA
27,0.2,bottom,local_mean,0,0,0,0.8924520044909356,1.193370634101087,-0.30091862961015137,-0.33718148529490183,0.0,UMD,HYDRA
27,0.2,random,local_mean,0,0,0,0.8924520044909356,,0.046133947094504225,-9.724941211666227e-05,0.2,UMD,HYDRA
28,0.05,top,local_mean,0,0,0,0.8396049939151886,0.5156727249908242,0.32393226892436444,0.385814621705864,0.0,UMD,HYDRA
28,0.05,bottom,local_mean,0,0,0,0.8396049939151886,0.794795790498608,0.04480920341658057,0.05336932292208825,0.0,UMD,HYDRA
28,0.05,random,local_mean,0,0,0,0.8396049939151886,,-0.004167159578573454,-0.004963232288446947,0.0,UMD,HYDRA
28,0.1,top,local_mean,0,0,2,0.8396049939151886,-0.0366837141117361,0.8762887080269247,1.0,1.0,UMD,HYDRA
28,0.1,bottom,local_mean,0,0,0,0.8396049939151886,0.7873045331315978,0.05230046078359085,0.06229167152524389,0.0,UMD,HYDRA
28,0.1,random,local_mean,0,0,0,0.8396049939151886,,0.21175354012419717,0.24665781414707605,0.0,UMD,HYDRA
28,0.2,top,local_mean,0,0,2,0.8396049939151886,-0.6320181248802177,1.4716231187954063,1.0,1.0,UMD,HYDRA
28,0.2,bottom,local_mean,0,0,0,0.8396049939151886,0.9984479689761414,-0.1588429750609528,-0.1891875191603242,0.0,UMD,HYDRA
28,0.2,random,local_mean,0,0,1,0.8396049939151886,,0.206073900520675,0.07550860170446705,0.4,UMD,HYDRA
29,0.05,top,local_mean,0,0,0,0.6843914328169971,0.4255599736367236,0.2588314591802735,0.3781915853670516,0.0,UMD,HYDRA
29,0.05,bottom,local_mean,0,0,0,0.6843914328169971,0.710617919316751,-0.026226486499753898,-0.03832083062608426,0.0,UMD,HYDRA
29,0.05,random,local_mean,0,0,0,0.6843914328169971,,0.11446470394179742,0.16725010162759155,0.0,UMD,HYDRA
29,0.1,top,local_mean,0,0,2,0.6843914328169971,-0.0697466550293272,0.7541380878463243,1.0,1.0,UMD,HYDRA
29,0.1,bottom,local_mean,0,0,0,0.6843914328169971,0.8570751308006685,-0.17268369798367145,-0.25231678449876455,0.0,UMD,HYDRA
29,0.1,random,local_mean,0,0,0,0.6843914328169971,,0.3788522894777279,0.247384509199021,0.2,UMD,HYDRA
29,0.2,top,local_mean,0,0,2,0.6843914328169971,-0.8421953961394293,1.5265868289564264,1.0,1.0,UMD,HYDRA
29,0.2,bottom,local_mean,0,0,0,0.6843914328169971,1.6903118447200616,-1.0059204119030645,-1.0,0.0,UMD,HYDRA
29,0.2,random,local_mean,0,0,0,0.6843914328169971,,-0.14699475016539096,-0.060898620666302514,0.0,UMD,HYDRA
30,0.05,top,local_mean,0,0,1,0.21643725321153506,-0.4352467119479603,0.6516839651594953,1.0,1.0,UMD,HYDRA
30,0.05,bottom,local_mean,0,0,0,0.21643725321153506,0.16725481008392484,0.04918244312761022,0.22723544658966524,0.0,UMD,HYDRA
30,0.05,random,local_mean,0,0,0,0.21643725321153506,,0.026677143559487047,0.12325521558064993,0.0,UMD,HYDRA
30,0.1,top,local_mean,0,0,1,0.21643725321153506,-1.0587297743087762,1.2751670275203113,1.0,1.0,UMD,HYDRA
30,0.1,bottom,local_mean,0,0,0,0.21643725321153506,0.1669793283042882,0.049457924907246875,0.22850824275923798,0.0,UMD,HYDRA
30,0.1,random,local_mean,0,0,0,0.21643725321153506,,0.4520838772657643,0.12316039539365795,0.4,UMD,HYDRA
30,0.2,top,local_mean,0,0,2,0.21643725321153506,-0.8238986290597881,1.0403358822713231,1.0,1.0,UMD,HYDRA
30,0.2,bottom,local_mean,0,0,0,0.21643725321153506,0.12145547376480648,0.09498177944672859,0.43884007580627865,0.0,UMD,HYDRA
30,0.2,random,local_mean,0,0,1,0.21643725321153506,,0.14002116504393003,-0.2,0.4,UMD,HYDRA
31,0.05,top,local_mean,0,0,0,0.8840290037101981,0.5914894058434134,0.29253959786678474,0.33091591534113224,0.0,UMD,HYDRA
31,0.05,bottom,local_mean,0,0,0,0.8840290037101981,0.8779483095288239,0.0060806941813742466,0.0068783798692963975,0.0,UMD,HYDRA
31,0.05,random,local_mean,0,0,0,0.8840290037101981,,0.2941422864843645,0.30697121061357197,0.0,UMD,HYDRA
31,0.1,top,local_mean,0,0,1,0.8840290037101981,-0.8197967927528217,1.7038257964630197,1.0,1.0,UMD,HYDRA
31,0.1,bottom,local_mean,0,0,0,0.8840290037101981,1.0220752111865283,-0.13804620747633023,-0.15615556813339154,0.0,UMD,HYDRA
31,0.1,random,local_mean,0,0,0,0.8840290037101981,,-0.14547292724549205,-0.16455654970414424,0.0,UMD,HYDRA
31,0.2,top,local_mean,0,0,2,0.8840290037101981,-0.6657045882732973,1.5497335919834954,1.0,1.0,UMD,HYDRA
31,0.2,bottom,local_mean,0,0,0,0.8840290037101981,1.9023290954439134,-1.0183000917337153,-1.0,0.0,UMD,HYDRA
31,0.2,random,local_mean,0,0,1,0.8840290037101981,,0.4407482022015271,0.2256054884006085,0.4,UMD,HYDRA
32,0.05,top,local_mean,0,0,0,0.512382619149744,-0.0012848808334067763,0.5136674999831508,1.0,0.0,UMD,HYDRA
32,0.05,bottom,local_mean,0,0,0,0.512382619149744,0.5245119680748055,-0.012129348925061456,-0.023672397929483096,0.0,UMD,HYDRA
32,0.05,random,local_mean,0,0,0,0.512382619149744,,0.044430952991288894,0.08671423388791817,0.0,UMD,HYDRA
32,0.1,top,local_mean,0,0,1,0.512382619149744,-0.9176283889105994,1.4300110080603434,1.0,1.0,UMD,HYDRA
32,0.1,bottom,local_mean,0,0,0,0.512382619149744,0.587182342634381,-0.07479972348463693,-0.14598383064774895,0.0,UMD,HYDRA
32,0.1,random,local_mean,0,0,0,0.512382619149744,,-0.043568360775760005,-0.12570584252425135,0.0,UMD,HYDRA
32,0.2,top,local_mean,0,0,1,0.512382619149744,-0.6798625077387602,1.1922451268885044,1.0,1.0,UMD,HYDRA
32,0.2,bottom,local_mean,0,0,0,0.512382619149744,0.8476840196323476,-0.3353014004826036,-0.6543952381596567,0.0,UMD,HYDRA
32,0.2,random,local_mean,0,0,0,0.512382619149744,,-0.2098801986438005,-0.4096153561506872,0.0,UMD,HYDRA
33,0.05,top,local_mean,0,0,0,0.6386768019290499,0.417220226357642,0.22145657557140785,0.34674224609423526,0.0,UMD,HYDRA
33,0.05,bottom,local_mean,0,0,0,0.6386768019290499,0.6380488192374023,0.0006279826916475439,0.0009832542946549847,0.0,UMD,HYDRA
33,0.05,random,local_mean,0,0,0,0.6386768019290499,,0.03783136580860735,0.059233882396322914,0.0,UMD,HYDRA
33,0.1,top,local_mean,0,0,0,0.6386768019290499,-0.08742992286832285,0.7261067247973727,1.0,0.0,UMD,HYDRA
33,0.1,bottom,local_mean,0,0,0,0.6386768019290499,0.7038151359017322,-0.06513833397268232,-0.10198935014797723,0.0,UMD,HYDRA
33,0.1,random,local_mean,0,0,0,0.6386768019290499,,0.3480153617619764,0.27416902015356215,0.2,UMD,HYDRA
33,0.2,top,local_mean,0,0,1,0.6386768019290499,-0.5002028952339654,1.1388796971630153,1.0,1.0,UMD,HYDRA
33,0.2,bottom,local_mean,0,0,0,0.6386768019290499,1.6546534553111112,-1.0159766533820613,-1.0,0.0,UMD,HYDRA
33,0.2,random,local_mean,0,0,0,0.6386768019290499,,-0.052719147545205146,0.09189939195987729,0.0,UMD,HYDRA
34,0.05,top,local_mean,0,0,0,0.9907301310431149,0.40578928425769545,0.5849408467854195,0.5904133103898235,0.0,UMD,HYDRA
34,0.05,bottom,local_mean,0,0,0,0.9907301310431149,0.9365854427569302,0.05414468828618468,0.054651243500521834,0.0,UMD,HYDRA
34,0.05,random,local_mean,0,0,0,0.9907301310431149,,-0.007097356408181632,-0.007163756326813926,0.0,UMD,HYDRA
34,0.1,top,local_mean,0,0,1,0.9907301310431149,-0.721046688929676,1.711776819972791,1.0,1.0,UMD,HYDRA
34,0.1,bottom,local_mean,0,0,0,0.9907301310431149,0.9851997321676114,0.0055303988755035505,0.005582138990303795,0.0,UMD,HYDRA
34,0.1,random,local_mean,0,0,0,0.9907301310431149,,0.38354570036889946,0.2600083943091905,0.2,UMD,HYDRA
34,0.2,top,local_mean,0,0,1,0.9907301310431149,-0.4512238728657918,1.4419540039089067,1.0,1.0,UMD,HYDRA
34,0.2,bottom,local_mean,0,0,0,0.9907301310431149,1.2030608856837999,-0.21233075464068496,-0.21431723298845717,0.0,UMD,HYDRA
34,0.2,random,local_mean,0,0,0,0.9907301310431149,,0.6141051642537481,0.47606256720422024,0.4,UMD,HYDRA
35,0.05,top,local_mean,0,0,0,0.5801438001005347,0.2746622397489662,0.3054815603515685,0.5265608866935131,0.0,UMD,HYDRA
35,0.05,bottom,local_mean,0,0,0,0.5801438001005347,0.49025137735606017,0.08989242274447451,0.15494825210688234,0.0,UMD,HYDRA
35,0.05,random,local_mean,0,0,0,0.5801438001005347,,0.1533746520365996,0.1858025199384342,0.2,UMD,HYDRA
35,0.1,top,local_mean,0,0,0,0.5801438001005347,-0.1312155833820219,0.7113593834825566,1.0,0.0,UMD,HYDRA
35,0.1,bottom,local_mean,0,0,0,0.5801438001005347,0.5746743647235542,0.005469435376980525,0.009427707317264092,0.0,UMD,HYDRA
35,0.1,random,local_mean,0,0,0,0.5801438001005347,,0.20827398669188124,0.25404372145706305,0.2,UMD,HYDRA
35,0.2,top,local_mean,0,0,1,0.5801438001005347,-0.6117523120754673,1.191896112176002,1.0,1.0,UMD,HYDRA
35,0.2,bottom,local_mean,0,0,0,0.5801438001005347,0.9539927533404489,-0.3738489532399142,-0.6444062812855152,0.0,UMD,HYDRA
35,0.2,random,local_mean,0,0,1,0.5801438001005347,,0.2613922835536392,0.2,0.6,UMD,HYDRA
36,0.05,top,local_mean,0,0,0,0.6452914190264263,0.2696817457971463,0.37560967322927996,0.5820766867151089,0.0,UMD,HYDRA
36,0.05,bottom,local_mean,0,0,0,0.6452914190264263,0.5970260697790118,0.048265349247414435,0.07479608906646376,0.0,UMD,HYDRA
36,0.05,random,local_mean,0,0,0,0.6452914190264263,,0.11052279541345367,0.1712755212283495,0.0,UMD,HYDRA
36,0.1,top,local_mean,0,0,1,0.6452914190264263,0.03453441575851757,0.6107570032679087,0.9464809832872013,1.0,UMD,HYDRA
36,0.1,bottom,local_mean,0,0,0,0.6452914190264263,0.6277448220403774,0.01754659698604888,0.027191698629470965,0.0,UMD,HYDRA
36,0.1,random,local_mean,0,0,0,0.6452914190264263,,-0.026592164274081353,-0.04120947881923334,0.0,UMD,HYDRA
36,0.2,top,local_mean,0,0,1,0.6452914190264263,-0.5311585566914089,1.1764499757178353,1.0,1.0,UMD,HYDRA
36,0.2,bottom,local_mean,0,0,0,0.6452914190264263,0.9888672336189936,-0.34357581459256736,-0.5324342956189249,0.0,UMD,HYDRA
36,0.2,random,local_mean,0,0,1,0.6452914190264263,,0.676219818293631,0.6575155237501754,0.6,UMD,HYDRA
38,0.05,top,local_mean,0,0,1,0.6008189176450514,-0.8628635049053038,1.463682422550355,1.0,1.0,UMD,HYDRA
38,0.05,bottom,local_mean,0,0,0,0.6008189176450514,0.6119374874777527,-0.01111856983270132,-0.018505661190929223,0.0,UMD,HYDRA
38,0.05,random,local_mean,0,0,0,0.6008189176450514,,0.46450321968010383,0.416346039153164,0.4,UMD,HYDRA
38,0.1,top,local_mean,0,0,1,0.6008189176450514,-0.9536664513466447,1.554485368991696,1.0,1.0,UMD,HYDRA
38,0.1,bottom,local_mean,0,0,0,0.6008189176450514,0.641553254425113,-0.040734336780061664,-0.06779791345753361,0.0,UMD,HYDRA
38,0.1,random,local_mean,0,0,0,0.6008189176450514,,0.22136110491711838,0.06851749893781549,0.2,UMD,HYDRA
38,0.2,top,local_mean,0,0,1,0.6008189176450514,-0.4711526217465729,1.0719715393916243,1.0,1.0,UMD,HYDRA
38,0.2,bottom,local_mean,0,0,0,0.6008189176450514,1.6600229279547734,-1.059204010309722,-1.0,0.0,UMD,HYDRA
38,0.2,random,local_mean,0,0,0,0.6008189176450514,,-0.047532533533831,-0.07911277928357889,0.0,UMD,HYDRA
39,0.05,top,local_mean,0,0,0,0.948353035565001,-0.029428989072216194,0.9777820246372171,1.0,0.0,UMD,HYDRA
39,0.05,bottom,local_mean,0,0,0,0.948353035565001,0.9910750848046666,-0.042722049239665605,-0.0450486291379707,0.0,UMD,HYDRA
39,0.05,random,local_mean,0,0,0,0.948353035565001,,-0.030398257040597045,-0.032053701361102624,0.0,UMD,HYDRA
39,0.1,top,local_mean,0,0,1,0.948353035565001,-0.7028337070193982,1.6511867425843991,1.0,1.0,UMD,HYDRA
39,0.1,bottom,local_mean,0,0,0,0.948353035565001,1.3068884750674004,-0.3585354395023994,-0.37806075163564284,0.0,UMD,HYDRA
39,0.1,random,local_mean,0,0,0,0.948353035565001,,0.5281171531318923,0.36909455999351976,0.2,UMD,HYDRA
39,0.2,top,local_mean,0,0,1,0.948353035565001,-0.7449609397269411,1.6933139752919422,1.0,1.0,UMD,HYDRA
39,0.2,bottom,local_mean,0,0,0,0.948353035565001,1.6529450470673683,-0.7045920115023674,-0.742963055018364,0.0,UMD,HYDRA
39,0.2,random,local_mean,0,0,0,0.948353035565001,,0.15038648992024056,0.021577868922670045,0.2,UMD,HYDRA
40,0.05,top,local_mean,0,0,0,0.7491039592659061,0.3626315463408837,0.38647241292502243,0.5159122338527173,0.0,UMD,HYDRA
40,0.05,bottom,local_mean,0,0,0,0.7491039592659061,0.7285605998059577,0.02054335945994845,0.027423873258134814,0.0,UMD,HYDRA
40,0.05,random,local_mean,0,0,0,0.7491039592659061,,0.45896011799668257,0.44736476556405974,0.4,UMD,HYDRA
40,0.1,top,local_mean,0,0,1,0.7491039592659061,-0.9647679227402632,1.7138718820061694,1.0,1.0,UMD,HYDRA
40,0.1,bottom,local_mean,0,0,0,0.7491039592659061,1.0263347085073722,-0.27723074924146607,-0.37008265105218563,0.0,UMD,HYDRA
40,0.1,random,local_mean,0,0,0,0.7491039592659061,,0.5404567094440447,0.47721545365500406,0.2,UMD,HYDRA
40,0.2,top,local_mean,0,0,1,0.7491039592659061,-0.5642402247648115,1.3133441840307176,1.0,1.0,UMD,HYDRA
40,0.2,bottom,local_mean,0,0,0,0.7491039592659061,1.6527364061909273,-0.9036324469250212,-1.0,0.0,UMD,HYDRA
40,0.2,random,local_mean,0,0,0,0.7491039592659061,,0.2728055945719694,0.20162667070430654,0.4,UMD,HYDRA
41,0.05,top,local_mean,0,0,0,0.5541865503460821,0.08633300738052063,0.4678535429655615,0.8442151807152537,0.0,UMD,HYDRA
41,0.05,bottom,local_mean,0,0,0,0.5541865503460821,0.5482833936789288,0.005903156667153353,0.010651911367310429,0.0,UMD,HYDRA
41,0.05,random,local_mean,0,0,0,0.5541865503460821,,0.2696672028872817,0.3840197829971833,0.2,UMD,HYDRA
41,0.1,top,local_mean,0,0,1,0.5541865503460821,-0.2621623692755478,0.8163489196216299,1.0,1.0,UMD,HYDRA
41,0.1,bottom,local_mean,0,0,0,0.5541865503460821,0.9947353463690496,-0.4405487960229675,-0.7949453136358822,0.0,UMD,HYDRA
41,0.1,random,local_mean,0,0,0,0.5541865503460821,,0.2866656162775702,0.23206970278732672,0.2,UMD,HYDRA
41,0.2,top,local_mean,0,0,1,0.5541865503460821,-0.7915789155076445,1.3457654658537266,1.0,1.0,UMD,HYDRA
41,0.2,bottom,local_mean,0,0,0,0.5541865503460821,1.3978470411314963,-0.8436604907854142,-1.0,0.0,UMD,HYDRA
41,0.2,random,local_mean,0,0,0,0.5541865503460821,,0.41285860608440605,0.3754924443711924,0.4,UMD,HYDRA
42,0.05,top,local_mean,0,0,0,0.7048587088145439,0.42546197383921847,0.27939673497532547,0.39638630422672905,0.0,UMD,HYDRA
42,0.05,bottom,local_mean,0,0,0,0.7048587088145439,0.7279005117212205,-0.023041802906676567,-0.03268991349417464,0.0,UMD,HYDRA
42,0.05,random,local_mean,0,0,0,0.7048587088145439,,-0.007608273218735628,-0.010794024858551599,0.0,UMD,HYDRA
42,0.1,top,local_mean,0,0,0,0.7048587088145439,0.06325564737955786,0.6416030614349861,0.9102564005453725,0.0,UMD,HYDRA
42,0.1,bottom,local_mean,0,0,0,0.7048587088145439,0.9272810006217442,-0.2224222918072003,-0.31555540631096274,0.0,UMD,HYDRA
42,0.1,random,local_mean,0,0,0,0.7048587088145439,,-0.21870336494641793,-0.31027928282954403,0.0,UMD,HYDRA
42,0.2,top,local_mean,0,0,2,0.7048587088145439,-0.7748470700085688,1.4797057788231127,1.0,1.0,UMD,HYDRA
42,0.2,bottom,local_mean,0,0,0,0.7048587088145439,1.129743921887351,-0.42488521307280713,-0.6027940138433971,0.0,UMD,HYDRA
42,0.2,random,local_mean,0,0,0,0.7048587088145439,,-0.43278403127053994,-0.40163316716191977,0.0,UMD,HYDRA
43,0.05,top,local_mean,0,0,0,0.9731638790735389,0.6426025777557203,0.3305613013178186,0.3396765629607551,0.0,UMD,HYDRA
43,0.05,bottom,local_mean,0,0,0,0.9731638790735389,0.9481120584689016,0.025051820604637287,0.02574262711626711,0.0,UMD,HYDRA
43,0.05,random,local_mean,0,0,0,0.9731638790735389,,-0.011335107000793477,-0.011647673733956157,0.0,UMD,HYDRA
43,0.1,top,local_mean,0,0,0,0.9731638790735389,0.2818575032569405,0.6913063758165984,0.7103692197305023,0.0,UMD,HYDRA
43,0.1,bottom,local_mean,0,0,0,0.9731638790735389,1.0192772937342987,-0.0461134146607598,-0.04738499677943593,0.0,UMD,HYDRA
43,0.1,random,local_mean,0,0,0,0.9731638790735389,,0.25700645006606165,0.26409342917382506,0.0,UMD,HYDRA
43,0.2,top,local_mean,0,0,2,0.9731638790735389,-0.5211366179278071,1.4943004970013458,1.0,1.0,UMD,HYDRA
43,0.2,bottom,local_mean,0,0,0,0.9731638790735389,1.8398847941146201,-0.8667209150410813,-0.8906208327885886,0.0,UMD,HYDRA
43,0.2,random,local_mean,0,0,1,0.9731638790735389,,0.5685470840581341,0.3581360596330613,0.4,UMD,HYDRA
44,0.05,top,local_mean,0,0,0,0.9872146886077204,0.5926218014761159,0.39459288713160456,0.39970281234904464,0.0,UMD,HYDRA
44,0.05,bottom,local_mean,0,0,0,0.9872146886077204,1.0383793675868163,-0.05116467897909582,-0.05182725474232875,0.0,UMD,HYDRA
44,0.05,random,local_mean,0,0,0,0.9872146886077204,,0.25709970916001584,0.19090156721576967,0.2,UMD,HYDRA
44,0.1,top,local_mean,0,0,0,0.9872146886077204,0.3823594231019283,0.6048552655057922,0.6126880604570063,0.0,UMD,HYDRA
44,0.1,bottom,local_mean,0,0,0,0.9872146886077204,1.2857321667128867,-0.29851747810516627,-0.30238323960001917,0.0,UMD,HYDRA
44,0.1,random,local_mean,0,0,0,0.9872146886077204,,0.022010242392081693,0.022295272093095432,0.0,UMD,HYDRA
44,0.2,top,local_mean,0,0,2,0.9872146886077204,-0.5587171593582184,1.5459318479659387,1.0,1.0,UMD,HYDRA
44,0.2,bottom,local_mean,0,0,0,0.9872146886077204,1.801910694453979,-0.8146960058462585,-0.825246210374991,0.0,UMD,HYDRA
44,0.2,random,local_mean,0,0,0,0.9872146886077204,,-0.1356441708838273,-0.13740074479076353,0.0,UMD,HYDRA
45,0.05,top,local_mean,0,0,2,0.06541366612900473,-0.26895100768775293,0.33436467381675766,1.0,1.0,UMD,HYDRA
45,0.05,bottom,local_mean,0,0,0,0.06541366612900473,0.15778352278423324,-0.09236985665522851,-1.0,0.0,UMD,HYDRA
45,0.05,random,local_mean,0,0,0,0.06541366612900473,,-0.030227880716336863,-0.2853214004955274,0.0,UMD,HYDRA
45,0.1,top,local_mean,0,0,2,0.06541366612900473,-0.5539623817391162,0.619376047868121,1.0,1.0,UMD,HYDRA
45,0.1,bottom,local_mean,0,0,0,0.06541366612900473,0.23410454260810643,-0.1686908764791017,-1.0,0.0,UMD,HYDRA
45,0.1,random,local_mean,0,0,1,0.06541366612900473,,0.1577911229718065,0.21346837832233811,0.4,UMD,HYDRA
45,0.2,top,local_mean,0,0,1,0.06541366612900473,-0.6712992474708979,0.7367129135999027,1.0,1.0,UMD,HYDRA
45,0.2,bottom,local_mean,0,0,2,0.06541366612900473,0.38245369174788346,-0.31704002561887873,-1.0,1.0,UMD,HYDRA
45,0.2,random,local_mean,0,0,0,0.06541366612900473,,-0.16642116410650334,-0.6,0.2,UMD,HYDRA
46,0.05,top,local_mean,0,0,0,0.8954684991256978,0.6231156135387551,0.2723528855869427,0.30414535151990957,0.0,UMD,HYDRA
46,0.05,bottom,local_mean,0,0,0,0.8954684991256978,1.042868632403302,-0.14740013327760426,-0.16460653704176426,0.0,UMD,HYDRA
46,0.05,random,local_mean,0,0,0,0.8954684991256978,,-0.028875351723319564,-0.032246047186992255,0.0,UMD,HYDRA
46,0.1,top,local_mean,0,0,1,0.8954684991256978,-1.0399404191091803,1.9354089182348782,1.0,1.0,UMD,HYDRA
46,0.1,bottom,local_mean,0,0,0,0.8954684991256978,1.3980316541069355,-0.5025631549812377,-0.5612286688401126,0.0,UMD,HYDRA
46,0.1,random,local_mean,0,0,0,0.8954684991256978,,0.1607504432973869,0.17951526372962728,0.0,UMD,HYDRA
46,0.2,top,local_mean,0,0,1,0.8954684991256978,-0.46664483629132447,1.3621133354170223,1.0,1.0,UMD,HYDRA
46,0.2,bottom,local_mean,0,0,0,0.8954684991256978,1.672292150782807,-0.7768236516571092,-0.8675043118895396,0.0,UMD,HYDRA
46,0.2,random,local_mean,0,0,0,0.8954684991256978,,0.0988574499191572,0.11039733906702329,0.0,UMD,HYDRA
47,0.05,top,local_mean,0,0,0,1.0718820034410204,0.68618730165969,0.38569470178133036,0.3598291049892116,0.0,UMD,HYDRA
47,0.05,bottom,local_mean,0,0,0,1.0718820034410204,1.0079991751626012,0.06388282827841918,0.059598695075245026,0.0,UMD,HYDRA
47,0.05,random,local_mean,0,0,0,1.0718820034410204,,0.060406729774959575,0.05635571193967852,0.0,UMD,HYDRA
47,0.1,top,local_mean,0,0,0,1.0718820034410204,0.7534145076890744,0.318467495751946,0.2971103140264221,0.0,UMD,HYDRA
47,0.1,bottom,local_mean,0,0,0,1.0718820034410204,1.091093204658791,-0.019211201217770535,-0.017922852733085266,0.0,UMD,HYDRA
47,0.1,random,local_mean,0,0,0,1.0718820034410204,,-0.007018727051764628,-0.006548034654185865,0.0,UMD,HYDRA
47,0.2,top,local_mean,0,0,1,1.0718820034410204,-0.2518382988285268,1.3237203022695472,1.0,1.0,UMD,HYDRA
47,0.2,bottom,local_mean,0,0,0,1.0718820034410204,1.2182166729695174,-0.14633466952849705,-0.13652112129656419,0.0,UMD,HYDRA
47,0.2,random,local_mean,0,0,0,1.0718820034410204,,-0.31796173650154674,-0.2502297760642126,0.0,UMD,HYDRA
48,0.05,top,local_mean,1,1,1,0.8712003874912825,0.7791942605225209,0.09200612696876154,0.10560833383622473,0.0,UMD,HYDRA
48,0.05,bottom,local_mean,1,1,1,0.8712003874912825,0.5806841137181714,0.29051627377311107,0.333466266174901,0.0,UMD,HYDRA
48,0.05,random,local_mean,1,1,1,0.8712003874912825,,-0.02055530738745519,-0.02359420873587724,0.0,UMD,HYDRA
48,0.1,top,local_mean,1,1,1,0.8712003874912825,0.508293351905981,0.36290703558530146,0.41655929478066034,0.0,UMD,HYDRA
48,0.1,bottom,local_mean,1,1,1,0.8712003874912825,0.4029759896425432,0.46822439784873926,0.5374467999839181,0.0,UMD,HYDRA
48,0.1,random,local_mean,1,1,1,0.8712003874912825,,0.33273917037621026,0.3819314054748791,0.0,UMD,HYDRA
48,0.2,top,local_mean,1,1,2,0.8712003874912825,-0.41792610243942374,1.2891264899307062,1.0,1.0,UMD,HYDRA
48,0.2,bottom,local_mean,1,1,0,0.8712003874912825,-1.190318270809289,2.0615186583005713,1.0,1.0,UMD,HYDRA
48,0.2,random,local_mean,1,1,1,0.8712003874912825,,1.2063229652313974,0.7285901859753758,0.4,UMD,HYDRA
49,0.05,top,local_mean,1,1,1,0.6592162508334626,0.6104133807875792,0.04880287004588335,0.07403154268821216,0.0,UMD,HYDRA
49,0.05,bottom,local_mean,1,1,1,0.6592162508334626,0.7149228777082209,-0.05570662687475836,-0.08450420070822975,0.0,UMD,HYDRA
49,0.05,random,local_mean,1,1,1,0.6592162508334626,,0.00529072316175454,0.008025765641092317,0.0,UMD,HYDRA
49,0.1,top,local_mean,1,1,1,0.6592162508334626,0.36804479427973424,0.29117145655372834,0.4416927138748174,0.0,UMD,HYDRA
49,0.1,bottom,local_mean,1,1,1,0.6592162508334626,0.7614270926379382,-0.1022108418044756,-0.15504879715336367,0.0,UMD,HYDRA
49,0.1,random,local_mean,1,1,1,0.6592162508334626,,0.08335040017106751,0.12643843902095372,0.0,UMD,HYDRA
49,0.2,top,local_mean,1,1,1,0.6592162508334626,0.32803368981661585,0.33118256101684673,0.5023875825429712,0.0,UMD,HYDRA
49,0.2,bottom,local_mean,1,1,0,0.6592162508334626,-0.9959066404752442,1.6551228913087068,1.0,1.0,UMD,HYDRA
49,0.2,random,local_mean,1,1,1,0.6592162508334626,,0.5516925134851511,0.6511441934997644,0.2,UMD,HYDRA
50,0.05,top,local_mean,1,1,1,1.0448325370128533,1.0005190276873135,0.04431350932553979,0.04241202809418881,0.0,UMD,HYDRA
50,0.05,bottom,local_mean,1,1,1,1.0448325370128533,1.0667888836331105,-0.02195634662025725,-0.02101420546188608,0.0,UMD,HYDRA
50,0.05,random,local_mean,1,1,1,1.0448325370128533,,0.18738844307913954,0.17934765342130704,0.0,UMD,HYDRA
50,0.1,top,local_mean,1,1,1,1.0448325370128533,0.7273515761364094,0.31748096087644384,0.30385793490522145,0.0,UMD,HYDRA
50,0.1,bottom,local_mean,1,1,1,1.0448325370128533,0.6307258203429447,0.4141067166699086,0.39633750449265526,0.0,UMD,HYDRA
50,0.1,random,local_mean,1,1,1,1.0448325370128533,,0.394515171853158,0.3775866278001227,0.0,UMD,HYDRA
50,0.2,top,local_mean,1,1,1,1.0448325370128533,0.7400703223209087,0.30476221469194453,0.29168494683205737,0.0,UMD,HYDRA
50,0.2,bottom,local_mean,1,1,0,1.0448325370128533,-0.6428902500547566,1.68772278706761,1.0,1.0,UMD,HYDRA
50,0.2,random,local_mean,1,1,1,1.0448325370128533,,0.6856032630989132,0.514446963575293,0.2,UMD,HYDRA
0,0.05,top,linear_interpolation,0,0,0,1.0697847841119683,0.9352327576120447,0.1345520264999236,0.12577473780100337,0.0,UMD,HYDRA
0,0.05,bottom,linear_interpolation,0,0,0,1.0697847841119683,1.0231183420289198,0.04666644208304849,0.04362223052139958,0.0,UMD,HYDRA
0,0.05,random,linear_interpolation,0,0,0,1.0697847841119683,,0.0400426299289542,0.03743051227979598,0.0,UMD,HYDRA
0,0.1,top,linear_interpolation,0,0,1,1.0697847841119683,-0.7838475824286817,1.85363236654065,1.0,1.0,UMD,HYDRA
0,0.1,bottom,linear_interpolation,0,0,0,1.0697847841119683,1.1131629203619713,-0.043378136250002974,-0.04054843211999799,0.0,UMD,HYDRA
0,0.1,random,linear_interpolation,0,0,0,1.0697847841119683,,0.6528647378993788,0.4670133394924826,0.4,UMD,HYDRA
0,0.2,top,linear_interpolation,0,0,1,1.0697847841119683,-0.6619701344941015,1.73175491860607,1.0,1.0,UMD,HYDRA
0,0.2,bottom,linear_interpolation,0,0,0,1.0697847841119683,1.0843088758755348,-0.014524091763566505,-0.013576635602447259,0.0,UMD,HYDRA
0,0.2,random,linear_interpolation,0,0,0,1.0697847841119683,,-0.10030770669082471,-0.09376429204851548,0.0,UMD,HYDRA
1,0.05,top,linear_interpolation,0,0,0,0.9098408209180879,0.9785162241348484,-0.06867540321676047,-0.07548059633867196,0.0,UMD,HYDRA
1,0.05,bottom,linear_interpolation,0,0,0,0.9098408209180879,0.9576662718726545,-0.047825450954566584,-0.05256457755075237,0.0,UMD,HYDRA
1,0.05,random,linear_interpolation,0,0,0,0.9098408209180879,,0.014124908773409573,0.015524576303996054,0.0,UMD,HYDRA
1,0.1,top,linear_interpolation,0,0,0,0.9098408209180879,0.7551555825839387,0.15468523833414927,0.17001333064472907,0.0,UMD,HYDRA
1,0.1,bottom,linear_interpolation,0,0,0,0.9098408209180879,0.9395432154901273,-0.02970239457203938,-0.03264566860871243,0.0,UMD,HYDRA
1,0.1,random,linear_interpolation,0,0,0,0.9098408209180879,,0.05177461632770244,0.05690507419790682,0.0,UMD,HYDRA
1,0.2,top,linear_interpolation,0,0,1,0.9098408209180879,-0.4079813414221356,1.3178221623402235,1.0,1.0,UMD,HYDRA
1,0.2,bottom,linear_interpolation,0,0,0,0.9098408209180879,0.9023571401540931,0.00748368076399486,0.008225254755209375,0.0,UMD,HYDRA
1,0.2,random,linear_interpolation,0,0,0,0.9098408209180879,,0.019403666717013924,0.021326417703501903,0.0,UMD,HYDRA
2,0.05,top,linear_interpolation,0,0,0,0.9290371858002213,0.6628501846383099,0.2661870011619114,0.286518902269483,0.0,UMD,HYDRA
2,0.05,bottom,linear_interpolation,0,0,0,0.9290371858002213,0.9657637197530995,-0.03672653395287817,-0.039531780839819834,0.0,UMD,HYDRA
2,0.05,random,linear_interpolation,0,0,0,0.9290371858002213,,0.022202933427053862,0.023898838353914924,0.0,UMD,HYDRA
2,0.1,top,linear_interpolation,0,0,1,0.9290371858002213,-0.7061904236024739,1.6352276094026952,1.0,1.0,UMD,HYDRA
2,0.1,bottom,linear_interpolation,0,0,0,0.9290371858002213,1.1136683503029245,-0.18463116450270323,-0.19873366598346257,0.0,UMD,HYDRA
2,0.1,random,linear_interpolation,0,0,0,0.9290371858002213,,0.012226516790073893,0.013160402852055709,0.0,UMD,HYDRA
2,0.2,top,linear_interpolation,0,0,1,0.9290371858002213,-0.6450053015253725,1.5740424873255938,1.0,1.0,UMD,HYDRA
2,0.2,bottom,linear_interpolation,0,0,0,0.9290371858002213,0.9938584801207269,-0.06482129432050554,-0.06977247578329852,0.0,UMD,HYDRA
2,0.2,random,linear_interpolation,0,0,0,0.9290371858002213,,0.6145261265736386,0.38992637014469517,0.4,UMD,HYDRA
3,0.05,top,linear_interpolation,0,0,0,0.888739115101941,0.7712090528203863,0.11753006228155471,0.13224345372108434,0.0,UMD,HYDRA
3,0.05,bottom,linear_interpolation,0,0,0,0.888739115101941,0.8891211588466337,-0.00038204374469263946,-0.0004298711605347284,0.0,UMD,HYDRA
3,0.05,random,linear_interpolation,0,0,0,0.888739115101941,,-0.04382128580835505,-0.04930719910547598,0.0,UMD,HYDRA
3,0.1,top,linear_interpolation,0,0,1,0.888739115101941,-0.7159554787551876,1.6046945938571286,1.0,1.0,UMD,HYDRA
3,0.1,bottom,linear_interpolation,0,0,0,0.888739115101941,0.8941927622810113,-0.0054536471790702645,-0.0061363801255271515,0.0,UMD,HYDRA
3,0.1,random,linear_interpolation,0,0,0,0.888739115101941,,0.17780689128050345,0.20006623787889719,0.0,UMD,HYDRA
3,0.2,top,linear_interpolation,0,0,1,0.888739115101941,-0.6762394048601971,1.5649785199621382,1.0,1.0,UMD,HYDRA
3,0.2,bottom,linear_interpolation,0,0,0,0.888739115101941,0.9219677898675687,-0.03322867476562763,-0.03738851684647565,0.0,UMD,HYDRA
3,0.2,random,linear_interpolation,0,0,0,0.888739115101941,,0.6559013362291106,0.3929551136174002,0.4,UMD,HYDRA
4,0.05,top,linear_interpolation,0,0,0,0.6869682864786231,0.7745934885483092,-0.08762520206968616,-0.12755330375663432,0.0,UMD,HYDRA
4,0.05,bottom,linear_interpolation,0,0,0,0.6869682864786231,0.714858232725728,-0.027889946247104946,-0.04059853445569261,0.0,UMD,HYDRA
4,0.05,random,linear_interpolation,0,0,0,0.6869682864786231,,-0.031309079819906716,-0.045575661730666,0.0,UMD,HYDRA
4,0.1,top,linear_interpolation,0,0,0,0.6869682864786231,0.4971894988710581,0.18977878760756495,0.27625512718387074,0.0,UMD,HYDRA
4,0.1,bottom,linear_interpolation,0,0,0,0.6869682864786231,0.7306043196499934,-0.043636033171370325,-0.06351962748589078,0.0,UMD,HYDRA
4,0.1,random,linear_interpolation,0,0,0,0.6869682864786231,,0.04156612012931926,0.06050651891933264,0.0,UMD,HYDRA
4,0.2,top,linear_interpolation,0,0,1,0.6869682864786231,-0.559762159479384,1.246730445958007,1.0,1.0,UMD,HYDRA
4,0.2,bottom,linear_interpolation,0,0,0,0.6869682864786231,0.7653555697564591,-0.07838728327783606,-0.11410595032515372,0.0,UMD,HYDRA
4,0.2,random,linear_interpolation,0,0,0,0.6869682864786231,,0.40031377698130566,0.36416802089857964,0.4,UMD,HYDRA
5,0.05,top,linear_interpolation,0,0,1,0.5759741589769483,-0.3535911982213562,0.9295653571983045,1.0,1.0,UMD,HYDRA
5,0.05,bottom,linear_interpolation,0,0,0,0.5759741589769483,0.6075055407860236,-0.03153138180907533,-0.05474434325445845,0.0,UMD,HYDRA
5,0.05,random,linear_interpolation,0,0,0,0.5759741589769483,,-0.030859888922653587,-0.05357850671453812,0.0,UMD,HYDRA
5,0.1,top,linear_interpolation,0,0,1,0.5759741589769483,-0.7750117245295003,1.3509858835064485,1.0,1.0,UMD,HYDRA
5,0.1,bottom,linear_interpolation,0,0,0,0.5759741589769483,0.635364930857805,-0.05939077188085673,-0.10311342590945606,0.0,UMD,HYDRA
5,0.1,random,linear_interpolation,0,0,0,0.5759741589769483,,0.13942683839779707,0.09580951962703768,0.2,UMD,HYDRA
5,0.2,top,linear_interpolation,0,0,1,0.5759741589769483,-0.6789382464483127,1.254912405425261,1.0,1.0,UMD,HYDRA
5,0.2,bottom,linear_interpolation,0,0,0,0.5759741589769483,0.6553365248352812,-0.0793623658583329,-0.13778782751550772,0.0,UMD,HYDRA
5,0.2,random,linear_interpolation,0,0,0,0.5759741589769483,,0.2332204881734743,0.15980476300784469,0.2,UMD,HYDRA
6,0.05,top,linear_interpolation,0,0,0,0.9185464299673571,0.939689341359589,-0.0211429113922319,-0.02301776773027743,0.0,UMD,HYDRA
6,0.05,bottom,linear_interpolation,0,0,0,0.9185464299673571,0.8813658012672472,0.03718062870010996,0.04047763619721985,0.0,UMD,HYDRA
6,0.05,random,linear_interpolation,0,0,0,0.9185464299673571,,-0.024544446094389903,-0.026720934917059375,0.0,UMD,HYDRA
6,0.1,top,linear_interpolation,0,0,1,0.9185464299673571,-0.6733803004465084,1.5919267304138656,1.0,1.0,UMD,HYDRA
6,0.1,bottom,linear_interpolation,0,0,0,0.9185464299673571,0.9660397572167723,-0.04749332724941513,-0.05170481751944254,0.0,UMD,HYDRA
6,0.1,random,linear_interpolation,0,0,0,0.9185464299673571,,0.25742715925169657,0.1675132227447823,0.2,UMD,HYDRA
6,0.2,top,linear_interpolation,0,0,1,0.9185464299673571,-0.5847366607010502,1.5032830906684074,1.0,1.0,UMD,HYDRA
6,0.2,bottom,linear_interpolation,0,0,0,0.9185464299673571,0.927931290943449,-0.009384860976091813,-0.01021706737171463,0.0,UMD,HYDRA
6,0.2,random,linear_interpolation,0,0,0,0.9185464299673571,,0.4428284566464261,0.3378721108935294,0.4,UMD,HYDRA
7,0.05,top,linear_interpolation,0,0,0,1.0523829340723678,0.7599852700344629,0.2923976640379049,0.2778431469458351,0.0,UMD,HYDRA
7,0.05,bottom,linear_interpolation,0,0,0,1.0523829340723678,1.053676700930302,-0.0012937668579342532,-0.0012293677393266692,0.0,UMD,HYDRA
7,0.05,random,linear_interpolation,0,0,0,1.0523829340723678,,-0.04280032226154651,-0.040669874250097895,0.0,UMD,HYDRA
7,0.1,top,linear_interpolation,0,0,1,1.0523829340723678,-0.6800487285402208,1.7324316626125886,1.0,1.0,UMD,HYDRA
7,0.1,bottom,linear_interpolation,0,0,0,1.0523829340723678,1.1022685845015145,-0.04988565042914672,-0.04740251994926056,0.0,UMD,HYDRA
7,0.1,random,linear_interpolation,0,0,0,1.0523829340723678,,0.003514535609054059,0.0033395945103931804,0.0,UMD,HYDRA
7,0.2,top,linear_interpolation,0,0,1,1.0523829340723678,-0.7445992774128118,1.7969822114851797,1.0,1.0,UMD,HYDRA
7,0.2,bottom,linear_interpolation,0,0,0,1.0523829340723678,1.1490271286759548,-0.09664419460358697,-0.09183358988540126,0.0,UMD,HYDRA
7,0.2,random,linear_interpolation,0,0,1,1.0523829340723678,,1.094135843774721,0.6850899133282107,0.6,UMD,HYDRA
8,0.05,top,linear_interpolation,0,0,0,0.7607712092445387,0.5323405709496981,0.22843063829484056,0.3002615441508787,0.0,UMD,HYDRA
8,0.05,bottom,linear_interpolation,0,0,0,0.7607712092445387,0.7984372810066367,-0.03766607176209802,-0.04951031505146744,0.0,UMD,HYDRA
8,0.05,random,linear_interpolation,0,0,0,0.7607712092445387,,-0.01229745763085548,-0.01616444118413196,0.0,UMD,HYDRA
8,0.1,top,linear_interpolation,0,0,0,0.7607712092445387,0.46916748279167886,0.2916037264528598,0.38329965646672065,0.0,UMD,HYDRA
8,0.1,bottom,linear_interpolation,0,0,0,0.7607712092445387,0.8005145110429124,-0.03974330179837371,-0.05224073818080127,0.0,UMD,HYDRA
8,0.1,random,linear_interpolation,0,0,0,0.7607712092445387,,0.060839294189340885,0.07997044772410322,0.0,UMD,HYDRA
8,0.2,top,linear_interpolation,0,0,1,0.7607712092445387,-0.6960473224372443,1.456818531681783,1.0,1.0,UMD,HYDRA
8,0.2,bottom,linear_interpolation,0,0,0,0.7607712092445387,0.8932288377747033,-0.13245762853016463,-0.17410944684966553,0.0,UMD,HYDRA
8,0.2,random,linear_interpolation,0,0,0,0.7607712092445387,,0.2759940324355631,0.23271717928032162,0.2,UMD,HYDRA
9,0.05,top,linear_interpolation,0,0,0,0.33828122977654596,0.33349564264927134,0.004785587127274615,0.014146729287068255,0.0,UMD,HYDRA
9,0.05,bottom,linear_interpolation,0,0,0,0.33828122977654596,0.3799196663937231,-0.041638436617177144,-0.12308786259532943,0.0,UMD,HYDRA
9,0.05,random,linear_interpolation,0,0,0,0.33828122977654596,,0.0018368509930962284,0.005429936400471194,0.0,UMD,HYDRA
9,0.1,top,linear_interpolation,0,0,0,0.33828122977654596,0.15811705571156653,0.18016417406497942,0.5325853923334601,0.0,UMD,HYDRA
9,0.1,bottom,linear_interpolation,0,0,0,0.33828122977654596,0.4124925538985962,-0.07421132412205023,-0.21937695092961548,0.0,UMD,HYDRA
9,0.1,random,linear_interpolation,0,0,0,0.33828122977654596,,0.041061563973833703,0.12138256272272159,0.0,UMD,HYDRA
9,0.2,top,linear_interpolation,0,0,1,0.33828122977654596,-0.7518603454475102,1.0901415752240562,1.0,1.0,UMD,HYDRA
9,0.2,bottom,linear_interpolation,0,0,0,0.33828122977654596,0.49236968720736085,-0.1540884574308149,-0.45550266572559495,0.0,UMD,HYDRA
9,0.2,random,linear_interpolation,0,0,0,0.33828122977654596,,0.41897160131267225,0.3600398180129547,0.4,UMD,HYDRA
10,0.05,top,linear_interpolation,0,0,0,0.6843432288704143,0.48890536797206186,0.19543786089835247,0.28558414413889954,0.0,UMD,HYDRA
10,0.05,bottom,linear_interpolation,0,0,0,0.6843432288704143,0.7902038469481527,-0.10586061807773839,-0.1546891368580298,0.0,UMD,HYDRA
10,0.05,random,linear_interpolation,0,0,0,0.6843432288704143,,-0.006137011395341263,-0.008967725797105175,0.0,UMD,HYDRA
10,0.1,top,linear_interpolation,0,0,0,0.6843432288704143,0.41527217003915873,0.2690710588312556,0.3931808693344095,0.0,UMD,HYDRA
10,0.1,bottom,linear_interpolation,0,0,0,0.6843432288704143,0.6937956814898047,-0.009452452619390428,-0.013812423953647924,0.0,UMD,HYDRA
10,0.1,random,linear_interpolation,0,0,0,0.6843432288704143,,0.2580313448698215,0.14702232235126256,0.2,UMD,HYDRA
10,0.2,top,linear_interpolation,0,0,1,0.6843432288704143,-0.7950881971740777,1.479431426044492,1.0,1.0,UMD,HYDRA
10,0.2,bottom,linear_interpolation,0,0,0,0.6843432288704143,0.47110195514933706,0.21324127372107726,0.3115994330412569,0.0,UMD,HYDRA
10,0.2,random,linear_interpolation,0,0,0,0.6843432288704143,,0.03596528485655039,0.05255437737221087,0.0,UMD,HYDRA
11,0.05,top,linear_interpolation,0,0,0,0.3366846385806256,0.40285908176049134,-0.06617444317986576,-0.19654667617792992,0.0,UMD,HYDRA
11,0.05,bottom,linear_interpolation,0,0,0,0.3366846385806256,0.39096152745353796,-0.05427688887291238,-0.1612093972933591,0.0,UMD,HYDRA
11,0.05,random,linear_interpolation,0,0,0,0.3366846385806256,,-0.0032199835686216316,-0.009563768689975022,0.0,UMD,HYDRA
11,0.1,top,linear_interpolation,0,0,1,0.3366846385806256,-0.7366466961082675,1.073331334688893,1.0,1.0,UMD,HYDRA
11,0.1,bottom,linear_interpolation,0,0,0,0.3366846385806256,0.44006093470226537,-0.10337629612163979,-0.3070410028697569,0.0,UMD,HYDRA
11,0.1,random,linear_interpolation,0,0,0,0.3366846385806256,,0.38700696235468063,0.16931727877907493,0.4,UMD,HYDRA
11,0.2,top,linear_interpolation,0,0,1,0.3366846385806256,-0.9294763437087403,1.266160982289366,1.0,1.0,UMD,HYDRA
11,0.2,bottom,linear_interpolation,0,0,0,0.3366846385806256,0.4832350247470839,-0.14655038616645832,-0.4352736480958161,0.0,UMD,HYDRA
11,0.2,random,linear_interpolation,0,0,0,0.3366846385806256,,0.2156631731317334,0.0013519181565407711,0.2,UMD,HYDRA
12,0.05,top,linear_interpolation,0,0,0,0.7639688369914137,0.5133430803814143,0.2506257566099994,0.32805713586414303,0.0,UMD,HYDRA
12,0.05,bottom,linear_interpolation,0,0,0,0.7639688369914137,0.8102530038581695,-0.04628416686675574,-0.060583762114257304,0.0,UMD,HYDRA
12,0.05,random,linear_interpolation,0,0,0,0.7639688369914137,,-0.023370054884960377,-0.03059028479055389,0.0,UMD,HYDRA
12,0.1,top,linear_interpolation,0,0,1,0.7639688369914137,-0.8429710111430881,1.6069398481345019,1.0,1.0,UMD,HYDRA
12,0.1,bottom,linear_interpolation,0,0,0,0.7639688369914137,0.8009261259228297,-0.03695728893141603,-0.048375324707788686,0.0,UMD,HYDRA
12,0.1,random,linear_interpolation,0,0,0,0.7639688369914137,,-0.08451210105344362,-0.1106223007262438,0.0,UMD,HYDRA
12,0.2,top,linear_interpolation,0,0,1,0.7639688369914137,-0.861435712607278,1.6254045495986917,1.0,1.0,UMD,HYDRA
12,0.2,bottom,linear_interpolation,0,0,0,0.7639688369914137,0.9531522152606817,-0.189183378269268,-0.24763199947041134,0.0,UMD,HYDRA
12,0.2,random,linear_interpolation,0,0,0,0.7639688369914137,,0.2853491835475862,0.19827947742910906,0.2,UMD,HYDRA
13,0.05,top,linear_interpolation,0,0,0,0.8184019640511191,0.8449426259906274,-0.026540661939508325,-0.032429821378128026,0.0,UMD,HYDRA
13,0.05,bottom,linear_interpolation,0,0,0,0.8184019640511191,0.8504913679434469,-0.03208940389232784,-0.03920978454609247,0.0,UMD,HYDRA
13,0.05,random,linear_interpolation,0,0,0,0.8184019640511191,,-0.032803822217097614,-0.0400827265516216,0.0,UMD,HYDRA
13,0.1,top,linear_interpolation,0,0,0,0.8184019640511191,0.7184323164369111,0.09996964761420801,0.12215210844222175,0.0,UMD,HYDRA
13,0.1,bottom,linear_interpolation,0,0,0,0.8184019640511191,0.8224756796589874,-0.004073715607868289,-0.004977640339550183,0.0,UMD,HYDRA
13,0.1,random,linear_interpolation,0,0,0,0.8184019640511191,,0.09510095417084194,0.11620309107886093,0.0,UMD,HYDRA
13,0.2,top,linear_interpolation,0,0,1,0.8184019640511191,-0.8774480859644262,1.6958500500155453,1.0,1.0,UMD,HYDRA
13,0.2,bottom,linear_interpolation,0,0,0,0.8184019640511191,0.8115982481341608,0.006803715916958275,0.0083134057619729,0.0,UMD,HYDRA
13,0.2,random,linear_interpolation,0,0,0,0.8184019640511191,,0.5389453647061734,0.5172134970138915,0.2,UMD,HYDRA
14,0.05,top,linear_interpolation,0,0,0,0.9034203159562295,0.9809929628126701,-0.07757264685644061,-0.0858654157106461,0.0,UMD,HYDRA
14,0.05,bottom,linear_interpolation,0,0,0,0.9034203159562295,0.9160342277858502,-0.012613911829620683,-0.01396238012855546,0.0,UMD,HYDRA
14,0.05,random,linear_interpolation,0,0,0,0.9034203159562295,,-0.05723365095134212,-0.0633521148333355,0.0,UMD,HYDRA
14,0.1,top,linear_interpolation,0,0,0,0.9034203159562295,0.8494477212752618,0.05397259468096771,0.05974244101584013,0.0,UMD,HYDRA
14,0.1,bottom,linear_interpolation,0,0,0,0.9034203159562295,0.9678626646801916,-0.06444234872396204,-0.07133144589991526,0.0,UMD,HYDRA
14,0.1,random,linear_interpolation,0,0,0,0.9034203159562295,,0.1426627079125382,0.15791381650269826,0.0,UMD,HYDRA
14,0.2,top,linear_interpolation,0,0,1,0.9034203159562295,-0.9406216159205874,1.8440419318768169,1.0,1.0,UMD,HYDRA
14,0.2,bottom,linear_interpolation,0,0,0,0.9034203159562295,1.0175546525015464,-0.1141343365453169,-0.12633566922705494,0.0,UMD,HYDRA
14,0.2,random,linear_interpolation,0,0,0,0.9034203159562295,,-0.09891725636040563,-0.10949183355908125,0.0,UMD,HYDRA
15,0.05,top,linear_interpolation,0,0,0,0.7000230548146202,0.3755854159698502,0.32443763884477006,0.4634664146372618,0.0,UMD,HYDRA
15,0.05,bottom,linear_interpolation,0,0,0,0.7000230548146202,0.7506503210759108,-0.05062726626129055,-0.07232218080662615,0.0,UMD,HYDRA
15,0.05,random,linear_interpolation,0,0,0,0.7000230548146202,,0.05199849563793375,0.07428101260277971,0.0,UMD,HYDRA
15,0.1,top,linear_interpolation,0,0,0,0.7000230548146202,0.24070133616071065,0.4593217186539096,0.6561513357930918,0.0,UMD,HYDRA
15,0.1,bottom,linear_interpolation,0,0,0,0.7000230548146202,0.6725839484487626,0.02743910636585767,0.03919737640033537,0.0,UMD,HYDRA
15,0.1,random,linear_interpolation,0,0,0,0.7000230548146202,,0.15622274000850922,0.132617580512088,0.2,UMD,HYDRA
15,0.2,top,linear_interpolation,0,0,1,0.7000230548146202,-0.7337313208306255,1.4337543756452458,1.0,1.0,UMD,HYDRA
15,0.2,bottom,linear_interpolation,0,0,0,0.7000230548146202,0.5028885734387937,0.19713448137582656,0.2816110103931093,0.0,UMD,HYDRA
15,0.2,random,linear_interpolation,0,0,0,0.7000230548146202,,-0.012327190578380743,-0.017609667115861063,0.0,UMD,HYDRA
16,0.05,top,linear_interpolation,0,0,0,0.5259255073653265,0.4090388022627075,0.116886705102619,0.22224912314873208,0.0,UMD,HYDRA
16,0.05,bottom,linear_interpolation,0,0,0,0.5259255073653265,0.5061132546850164,0.01981225268031006,0.03767114302635405,0.0,UMD,HYDRA
16,0.05,random,linear_interpolation,0,0,0,0.5259255073653265,,-0.03768740563193773,-0.07165907233072542,0.0,UMD,HYDRA
16,0.1,top,linear_interpolation,0,0,0,0.5259255073653265,0.06421562755558818,0.4617098798097383,0.8778980966803007,0.0,UMD,HYDRA
16,0.1,bottom,linear_interpolation,0,0,0,0.5259255073653265,0.5605701700721492,-0.03464466270682265,-0.0658735816157623,0.0,UMD,HYDRA
16,0.1,random,linear_interpolation,0,0,0,0.5259255073653265,,0.07222305800794981,0.13732538101142186,0.0,UMD,HYDRA
16,0.2,top,linear_interpolation,0,0,1,0.5259255073653265,-0.8648297453405343,1.3907552527058606,1.0,1.0,UMD,HYDRA
16,0.2,bottom,linear_interpolation,0,0,0,0.5259255073653265,0.6366213621852126,-0.11069585481988609,-0.21047780111792874,0.0,UMD,HYDRA
16,0.2,random,linear_interpolation,0,0,0,0.5259255073653265,,0.016834881648070277,0.03200995084352383,0.0,UMD,HYDRA
17,0.05,top,linear_interpolation,0,0,0,0.9508686804927651,0.6923901237577526,0.2584785567350125,0.27183384015469114,0.0,UMD,HYDRA
17,0.05,bottom,linear_interpolation,0,0,0,0.9508686804927651,1.0313113007728745,-0.0804426202801094,-0.08459899598273232,0.0,UMD,HYDRA
17,0.05,random,linear_interpolation,0,0,0,0.9508686804927651,,-0.015334959778349555,-0.016127299137777308,0.0,UMD,HYDRA
17,0.1,top,linear_interpolation,0,0,1,0.9508686804927651,-0.8248256650048336,1.7756943454975986,1.0,1.0,UMD,HYDRA
17,0.1,bottom,linear_interpolation,0,0,0,0.9508686804927651,0.9726782082808867,-0.02180952778812162,-0.022936400471639144,0.0,UMD,HYDRA
17,0.1,random,linear_interpolation,0,0,0,0.9508686804927651,,0.34274171266390036,0.22457716694729388,0.2,UMD,HYDRA
17,0.2,top,linear_interpolation,0,0,1,0.9508686804927651,-0.790280292590506,1.7411489730832712,1.0,1.0,UMD,HYDRA
17,0.2,bottom,linear_interpolation,0,0,0,0.9508686804927651,1.163973610235298,-0.21310492974253292,-0.2241158111510049,0.0,UMD,HYDRA
17,0.2,random,linear_interpolation,0,0,0,0.9508686804927651,,-0.09152805941262261,-0.09625720673435545,0.0,UMD,HYDRA
18,0.05,top,linear_interpolation,0,0,0,0.5629674395119244,0.2797050014828386,0.2832624380290858,0.5031586464681133,0.0,UMD,HYDRA
18,0.05,bottom,linear_interpolation,0,0,0,0.5629674395119244,0.5997313540597116,-0.03676391454778716,-0.06530368661458233,0.0,UMD,HYDRA
18,0.05,random,linear_interpolation,0,0,0,0.5629674395119244,,-0.01947060495677002,-0.03458560656375411,0.0,UMD,HYDRA
18,0.1,top,linear_interpolation,0,0,0,0.5629674395119244,0.16218741325231967,0.40078002625960474,0.7119049632818993,0.0,UMD,HYDRA
18,0.1,bottom,linear_interpolation,0,0,0,0.5629674395119244,0.5560415287741833,0.00692591073774107,0.012302484920372468,0.0,UMD,HYDRA
18,0.1,random,linear_interpolation,0,0,0,0.5629674395119244,,-0.0029053841906742763,-0.00516082960741663,0.0,UMD,HYDRA
18,0.2,top,linear_interpolation,0,0,1,0.5629674395119244,-0.6390688964859721,1.2020363359978965,1.0,1.0,UMD,HYDRA
18,0.2,bottom,linear_interpolation,0,0,0,0.5629674395119244,0.6314774527906896,-0.06851001327876516,-0.12169423447282611,0.0,UMD,HYDRA
18,0.2,random,linear_interpolation,0,0,0,0.5629674395119244,,-0.09530270292405978,-0.1692860491552318,0.0,UMD,HYDRA
19,0.05,top,linear_interpolation,0,0,0,0.5604003744285939,0.3543124850294782,0.2060878893991157,0.3677505066957599,0.0,UMD,HYDRA
19,0.05,bottom,linear_interpolation,0,0,0,0.5604003744285939,0.5767799866432409,-0.01637961221464701,-0.029228358391069742,0.0,UMD,HYDRA
19,0.05,random,linear_interpolation,0,0,0,0.5604003744285939,,-0.012388464835964674,-0.02210641408329238,0.0,UMD,HYDRA
19,0.1,top,linear_interpolation,0,0,1,0.5604003744285939,-0.3127748816535851,0.873175256082179,1.0,1.0,UMD,HYDRA
19,0.1,bottom,linear_interpolation,0,0,0,0.5604003744285939,0.5305837731294013,0.029816601299192613,0.05320579616635439,0.0,UMD,HYDRA
19,0.1,random,linear_interpolation,0,0,0,0.5604003744285939,,0.07798426667043443,0.13915787902902646,0.0,UMD,HYDRA
19,0.2,top,linear_interpolation,0,0,1,0.5604003744285939,-0.8116284366743787,1.3720288111029726,1.0,1.0,UMD,HYDRA
19,0.2,bottom,linear_interpolation,0,0,0,0.5604003744285939,0.4250345933593429,0.135365781069251,0.24155147943253172,0.0,UMD,HYDRA
19,0.2,random,linear_interpolation,0,0,0,0.5604003744285939,,0.2788699791681911,0.118522918891756,0.2,UMD,HYDRA
20,0.05,top,linear_interpolation,0,0,0,0.9162435321988067,0.5888178879345285,0.3274256442642782,0.35735617813567855,0.0,UMD,HYDRA
20,0.05,bottom,linear_interpolation,0,0,0,0.9162435321988067,0.96809379659069,-0.05185026439188323,-0.056589985063761075,0.0,UMD,HYDRA
20,0.05,random,linear_interpolation,0,0,0,0.9162435321988067,,0.08452922299720222,0.09225618274015639,0.0,UMD,HYDRA
20,0.1,top,linear_interpolation,0,0,0,0.9162435321988067,0.42678801753673534,0.4894555146620714,0.5341974739947144,0.0,UMD,HYDRA
20,0.1,bottom,linear_interpolation,0,0,0,0.9162435321988067,0.9040662667838393,0.012177265414967442,0.013290409914637525,0.0,UMD,HYDRA
20,0.1,random,linear_interpolation,0,0,0,0.9162435321988067,,-0.03617405642969982,-0.03948078832502192,0.0,UMD,HYDRA
20,0.2,top,linear_interpolation,0,0,1,0.9162435321988067,-0.746215446400047,1.6624589785988537,1.0,1.0,UMD,HYDRA
20,0.2,bottom,linear_interpolation,0,0,0,0.9162435321988067,0.9999218020802869,-0.0836782698814802,-0.09132744255583038,0.0,UMD,HYDRA
20,0.2,random,linear_interpolation,0,0,0,0.9162435321988067,,-0.06609619521285692,-0.07213816060024833,0.0,UMD,HYDRA
21,0.05,top,linear_interpolation,0,0,0,0.6618427822980943,0.4138564315689721,0.24798635072912223,0.37469015704589514,0.0,UMD,HYDRA
21,0.05,bottom,linear_interpolation,0,0,0,0.6618427822980943,0.6189935785431023,0.042849203754992016,0.06474217164390121,0.0,UMD,HYDRA
21,0.05,random,linear_interpolation,0,0,0,0.6618427822980943,,-0.05311790674480772,-0.08025746885521608,0.0,UMD,HYDRA
21,0.1,top,linear_interpolation,0,0,1,0.6618427822980943,-0.997340908617784,1.6591836909158784,1.0,1.0,UMD,HYDRA
21,0.1,bottom,linear_interpolation,0,0,0,0.6618427822980943,0.6160788609953691,0.04576392130272522,0.06914610747542409,0.0,UMD,HYDRA
21,0.1,random,linear_interpolation,0,0,0,0.6618427822980943,,0.08703638366245203,0.13150593235195016,0.0,UMD,HYDRA
21,0.2,top,linear_interpolation,0,0,1,0.6618427822980943,-0.955395090766247,1.6172378730643413,1.0,1.0,UMD,HYDRA
21,0.2,bottom,linear_interpolation,0,0,0,0.6618427822980943,0.9232798932939417,-0.2614371109958473,-0.39501332185681254,0.0,UMD,HYDRA
21,0.2,random,linear_interpolation,0,0,0,0.6618427822980943,,-0.06127206939205796,-0.09257784243179763,0.0,UMD,HYDRA
22,0.05,top,linear_interpolation,0,0,1,0.9102566638516114,-0.5696385102159028,1.4798951740675141,1.0,1.0,UMD,HYDRA
22,0.05,bottom,linear_interpolation,0,0,0,0.9102566638516114,0.9483082539601146,-0.03805159010850323,-0.041803097759697996,0.0,UMD,HYDRA
22,0.05,random,linear_interpolation,0,0,0,0.9102566638516114,,0.05359784014558895,0.05888205315272839,0.0,UMD,HYDRA
22,0.1,top,linear_interpolation,0,0,1,0.9102566638516114,-0.6909891827504476,1.6012458466020592,1.0,1.0,UMD,HYDRA
22,0.1,bottom,linear_interpolation,0,0,0,0.9102566638516114,0.9028264524401057,0.007430211411505683,0.008162756224502321,0.0,UMD,HYDRA
22,0.1,random,linear_interpolation,0,0,0,0.9102566638516114,,0.18795442916825483,0.20648486316825432,0.0,UMD,HYDRA
22,0.2,top,linear_interpolation,0,0,1,0.9102566638516114,-0.5550565388620359,1.4653132027136473,1.0,1.0,UMD,HYDRA
22,0.2,bottom,linear_interpolation,0,0,0,0.9102566638516114,0.9593897777316733,-0.04913311388006192,-0.05397714936248151,0.0,UMD,HYDRA
22,0.2,random,linear_interpolation,0,0,0,0.9102566638516114,,0.326484430638574,0.22380666777184452,0.2,UMD,HYDRA
23,0.05,top,linear_interpolation,0,0,0,0.8815940444021921,0.7971181665551472,0.08447587784704491,0.09582163418843608,0.0,UMD,HYDRA
23,0.05,bottom,linear_interpolation,0,0,0,0.8815940444021921,0.8567182635687736,0.02487578083341857,0.028216788412515167,0.0,UMD,HYDRA
23,0.05,random,linear_interpolation,0,0,0,0.8815940444021921,,-0.007152337667105879,-0.008112951306294905,0.0,UMD,HYDRA
23,0.1,top,linear_interpolation,0,0,0,0.8815940444021921,0.2814222547898043,0.6001717896123878,0.6807794501832336,0.0,UMD,HYDRA
23,0.1,bottom,linear_interpolation,0,0,0,0.8815940444021921,0.9351272904334296,-0.053533246031237436,-0.06072317031629666,0.0,UMD,HYDRA
23,0.1,random,linear_interpolation,0,0,0,0.8815940444021921,,-0.006211211612860845,-0.007045424826625082,0.0,UMD,HYDRA
23,0.2,top,linear_interpolation,0,0,1,0.8815940444021921,-0.8973450957389721,1.7789391401411643,1.0,1.0,UMD,HYDRA
23,0.2,bottom,linear_interpolation,0,0,0,0.8815940444021921,1.0357020420047929,-0.15410799760260074,-0.1748058800705953,0.0,UMD,HYDRA
23,0.2,random,linear_interpolation,0,0,0,0.8815940444021921,,0.7387312319104528,0.5233805556345132,0.4,UMD,HYDRA
24,0.05,top,linear_interpolation,0,0,0,1.027281902648953,0.939442405600657,0.08783949704829608,0.08550662803965008,0.0,UMD,HYDRA
24,0.05,bottom,linear_interpolation,0,0,0,1.027281902648953,1.0427015848843715,-0.015419682235418453,-0.01501016146151877,0.0,UMD,HYDRA
24,0.05,random,linear_interpolation,0,0,0,1.027281902648953,,0.048023798714019475,0.04674836755307155,0.0,UMD,HYDRA
24,0.1,top,linear_interpolation,0,0,0,1.027281902648953,0.9349633241874082,0.09231857846154479,0.0898667525990085,0.0,UMD,HYDRA
24,0.1,bottom,linear_interpolation,0,0,0,1.027281902648953,1.1165122897062125,-0.0892303870572595,-0.08686057835399569,0.0,UMD,HYDRA
24,0.1,random,linear_interpolation,0,0,0,1.027281902648953,,0.09807053512545702,0.09546594698750677,0.0,UMD,HYDRA
24,0.2,top,linear_interpolation,0,0,1,1.027281902648953,-0.6867464609824099,1.714028363631363,1.0,1.0,UMD,HYDRA
24,0.2,bottom,linear_interpolation,0,0,0,1.027281902648953,1.086162431524074,-0.058880528875121074,-0.057316761257577314,0.0,UMD,HYDRA
24,0.2,random,linear_interpolation,0,0,0,1.027281902648953,,0.09979383594914579,0.09714347984553942,0.0,UMD,HYDRA
25,0.05,top,linear_interpolation,0,0,0,0.8178204155664761,0.6114985131839866,0.20632190238248949,0.25228234239815983,0.0,UMD,HYDRA
25,0.05,bottom,linear_interpolation,0,0,0,0.8178204155664761,0.8287381177533177,-0.010917702186841627,-0.01334973868259407,0.0,UMD,HYDRA
25,0.05,random,linear_interpolation,0,0,0,0.8178204155664761,,0.07318475796149886,0.08948745602462164,0.0,UMD,HYDRA
25,0.1,top,linear_interpolation,0,0,1,0.8178204155664761,-0.575327304061652,1.3931477196281281,1.0,1.0,UMD,HYDRA
25,0.1,bottom,linear_interpolation,0,0,0,0.8178204155664761,0.7028088067445886,0.11501160882188755,0.14063169126260047,0.0,UMD,HYDRA
25,0.1,random,linear_interpolation,0,0,0,0.8178204155664761,,-0.014278716295443594,-0.01745945511289067,0.0,UMD,HYDRA
25,0.2,top,linear_interpolation,0,0,1,0.8178204155664761,-0.5143233484588808,1.332143764025357,1.0,1.0,UMD,HYDRA
25,0.2,bottom,linear_interpolation,0,0,0,0.8178204155664761,0.755346100406248,0.062474315160228056,0.07639114600215537,0.0,UMD,HYDRA
25,0.2,random,linear_interpolation,0,0,1,0.8178204155664761,,0.9449876096441457,0.6229847669273866,0.6,UMD,HYDRA
26,0.05,top,linear_interpolation,0,0,1,0.9080249183111115,-0.5693727126818429,1.4773976309929544,1.0,1.0,UMD,HYDRA
26,0.05,bottom,linear_interpolation,0,0,0,0.9080249183111115,0.9047159378544827,0.0033089804566288628,0.0036441475842269146,0.0,UMD,HYDRA
26,0.05,random,linear_interpolation,0,0,0,0.9080249183111115,,0.019903611356696826,0.021919651141364634,0.0,UMD,HYDRA
26,0.1,top,linear_interpolation,0,0,1,0.9080249183111115,-0.7746961274996043,1.6827210458107158,1.0,1.0,UMD,HYDRA
26,0.1,bottom,linear_interpolation,0,0,0,0.9080249183111115,0.9089448461319449,-0.0009199278208333883,-0.0010131074480169175,0.0,UMD,HYDRA
26,0.1,random,linear_interpolation,0,0,0,0.9080249183111115,,0.02529397006568166,0.027856000093837995,0.0,UMD,HYDRA
26,0.2,top,linear_interpolation,0,0,1,0.9080249183111115,-0.7279764395425945,1.636001357853706,1.0,1.0,UMD,HYDRA
26,0.2,bottom,linear_interpolation,0,0,0,0.9080249183111115,0.9985021421250946,-0.09047722381398304,-0.09964167540753321,0.0,UMD,HYDRA
26,0.2,random,linear_interpolation,0,0,0,0.9080249183111115,,-0.00571365885931896,-0.0062923962236079295,0.0,UMD,HYDRA
27,0.05,top,linear_interpolation,0,0,0,0.8924520056913923,0.7948750390974504,0.09757696659394188,0.1093356915957138,0.0,UMD,HYDRA
27,0.05,bottom,linear_interpolation,0,0,0,0.8924520056913923,0.9658351048169642,-0.07338309912557195,-0.08222628940413655,0.0,UMD,HYDRA
27,0.05,random,linear_interpolation,0,0,0,0.8924520056913923,,0.18526310164324533,0.186681124496596,0.2,UMD,HYDRA
27,0.1,top,linear_interpolation,0,0,1,0.8924520056913923,-0.8612522824251605,1.7537042881165528,1.0,1.0,UMD,HYDRA
27,0.1,bottom,linear_interpolation,0,0,0,0.8924520056913923,0.9353335748398157,-0.04288156914842345,-0.048049106087331366,0.0,UMD,HYDRA
27,0.1,random,linear_interpolation,0,0,0,0.8924520056913923,,0.4283479739694248,0.30032627125326206,0.2,UMD,HYDRA
27,0.2,top,linear_interpolation,0,0,1,0.8924520056913923,-0.9158878432955483,1.8083398489869404,1.0,1.0,UMD,HYDRA
27,0.2,bottom,linear_interpolation,0,0,0,0.8924520056913923,1.0815916495008853,-0.189139643809493,-0.21193232876499152,0.0,UMD,HYDRA
27,0.2,random,linear_interpolation,0,0,0,0.8924520056913923,,0.36415376497654967,0.21897578792152453,0.2,UMD,HYDRA
28,0.05,top,linear_interpolation,0,0,0,0.8396049949553492,0.6030968854889847,0.23650810946636458,0.281689400608606,0.0,UMD,HYDRA
28,0.05,bottom,linear_interpolation,0,0,0,0.8396049949553492,0.781224269165484,0.058380725789865195,0.06953347896589271,0.0,UMD,HYDRA
28,0.05,random,linear_interpolation,0,0,0,0.8396049949553492,,0.02753970077576411,0.03280074337395446,0.0,UMD,HYDRA
28,0.1,top,linear_interpolation,0,0,0,0.8396049949553492,0.6438783630369168,0.19572663191843243,0.2331172396271912,0.0,UMD,HYDRA
28,0.1,bottom,linear_interpolation,0,0,0,0.8396049949553492,0.7508947558390049,0.08871023911634435,0.10565698631184978,0.0,UMD,HYDRA
28,0.1,random,linear_interpolation,0,0,0,0.8396049949553492,,0.1127536250622702,0.13429349687798084,0.0,UMD,HYDRA
28,0.2,top,linear_interpolation,0,0,1,0.8396049949553492,-0.8281229453645963,1.6677279403199456,1.0,1.0,UMD,HYDRA
28,0.2,bottom,linear_interpolation,0,0,0,0.8396049949553492,0.9022209948772313,-0.06261599992188205,-0.07457783805511299,0.0,UMD,HYDRA
28,0.2,random,linear_interpolation,0,0,0,0.8396049949553492,,0.6200688131579806,0.3465304730304469,0.4,UMD,HYDRA
29,0.05,top,linear_interpolation,0,0,0,0.6843914372703115,0.4767488040011749,0.20764263326913657,0.3033970306529335,0.0,UMD,HYDRA
29,0.05,bottom,linear_interpolation,0,0,0,0.6843914372703115,0.7323927213985164,-0.048001284128204924,-0.0701370756223685,0.0,UMD,HYDRA
29,0.05,random,linear_interpolation,0,0,0,0.6843914372703115,,0.012553132329058525,0.0183420091243651,0.0,UMD,HYDRA
29,0.1,top,linear_interpolation,0,0,0,0.6843914372703115,0.5358088830298448,0.14858255424046674,0.21710139701877174,0.0,UMD,HYDRA
29,0.1,bottom,linear_interpolation,0,0,0,0.6843914372703115,0.7776449664766583,-0.09325352920634677,-0.13625739287577024,0.0,UMD,HYDRA
29,0.1,random,linear_interpolation,0,0,0,0.6843914372703115,,0.3377670019528729,0.20740521375475587,0.2,UMD,HYDRA
29,0.2,top,linear_interpolation,0,0,1,0.6843914372703115,-0.9717017810416279,1.6560932183119395,1.0,1.0,UMD,HYDRA
29,0.2,bottom,linear_interpolation,0,0,0,0.6843914372703115,0.7235625851926126,-0.03917114792230114,-0.05723492223048906,0.0,UMD,HYDRA
29,0.2,random,linear_interpolation,0,0,0,0.6843914372703115,,0.09543933794338053,0.13945118728085137,0.0,UMD,HYDRA
30,0.05,top,linear_interpolation,0,0,0,0.21643724821518495,0.18112489610142235,0.0353123521137626,0.16315208797409378,0.0,UMD,HYDRA
30,0.05,bottom,linear_interpolation,0,0,0,0.21643724821518495,0.18694543237489825,0.029491815840286706,0.13625972342451073,0.0,UMD,HYDRA
30,0.05,random,linear_interpolation,0,0,0,0.21643724821518495,,0.024574730490094655,0.11354153294413205,0.0,UMD,HYDRA
30,0.1,top,linear_interpolation,0,0,1,0.21643724821518495,-1.055001818215731,1.2714390664309159,1.0,1.0,UMD,HYDRA
30,0.1,bottom,linear_interpolation,0,0,0,0.21643724821518495,0.24110383322374307,-0.024666585008558117,-0.11396592428540803,0.0,UMD,HYDRA
30,0.1,random,linear_interpolation,0,0,0,0.21643724821518495,,0.5432736906615225,0.7381856243728371,0.4,UMD,HYDRA
30,0.2,top,linear_interpolation,0,0,1,0.21643724821518495,-1.02292319317499,1.239360441390175,1.0,1.0,UMD,HYDRA
30,0.2,bottom,linear_interpolation,0,0,0,0.21643724821518495,0.29986758158562,-0.08343033337043504,-0.3854694540286974,0.0,UMD,HYDRA
30,0.2,random,linear_interpolation,0,0,0,0.21643724821518495,,0.4325078982753151,0.1287389983748333,0.4,UMD,HYDRA
31,0.05,top,linear_interpolation,0,0,0,0.8840289969621067,0.7410396102980532,0.14298938666405347,0.161747211243311,0.0,UMD,HYDRA
31,0.05,bottom,linear_interpolation,0,0,0,0.8840289969621067,0.9590440905736832,-0.07501509361157654,-0.08485582374960067,0.0,UMD,HYDRA
31,0.05,random,linear_interpolation,0,0,0,0.8840289969621067,,0.11305034584958307,0.12788066721499372,0.0,UMD,HYDRA
31,0.1,top,linear_interpolation,0,0,1,0.8840289969621067,-0.7773234569003751,1.6613524538624818,1.0,1.0,UMD,HYDRA
31,0.1,bottom,linear_interpolation,0,0,0,0.8840289969621067,1.0446805789721814,-0.16065158201007468,-0.18172639227417628,0.0,UMD,HYDRA
31,0.1,random,linear_interpolation,0,0,0,0.8840289969621067,,0.015494119126853745,0.01752668934323265,0.0,UMD,HYDRA
31,0.2,top,linear_interpolation,0,0,1,0.8840289969621067,-0.8776884707239117,1.7617174676860183,1.0,1.0,UMD,HYDRA
31,0.2,bottom,linear_interpolation,0,0,0,0.8840289969621067,0.8285472885097964,0.05548170845231026,0.06275998398580183,0.0,UMD,HYDRA
31,0.2,random,linear_interpolation,0,0,0,0.8840289969621067,,0.6525090793569758,0.38393011456802206,0.4,UMD,HYDRA
32,0.05,top,linear_interpolation,0,0,0,0.5123826249873191,0.37751792409873675,0.13486470088858238,0.26321040390765826,0.0,UMD,HYDRA
32,0.05,bottom,linear_interpolation,0,0,0,0.5123826249873191,0.5384197661754373,-0.026037141188118174,-0.05081571681523304,0.0,UMD,HYDRA
32,0.05,random,linear_interpolation,0,0,0,0.5123826249873191,,-0.025993316865943816,-0.0507301865210605,0.0,UMD,HYDRA
32,0.1,top,linear_interpolation,0,0,1,0.5123826249873191,-0.7266936935328082,1.2390763185201275,1.0,1.0,UMD,HYDRA
32,0.1,bottom,linear_interpolation,0,0,0,0.5123826249873191,0.5954300837357445,-0.08304745874842534,-0.16208062611384325,0.0,UMD,HYDRA
32,0.1,random,linear_interpolation,0,0,0,0.5123826249873191,,0.037289199718614906,0.07277593955024961,0.0,UMD,HYDRA
32,0.2,top,linear_interpolation,0,0,1,0.5123826249873191,-0.6705425582382616,1.1829251832255807,1.0,1.0,UMD,HYDRA
32,0.2,bottom,linear_interpolation,0,0,0,0.5123826249873191,0.8569044913497483,-0.3445218663624292,-0.6723904698768539,0.0,UMD,HYDRA
32,0.2,random,linear_interpolation,0,0,0,0.5123826249873191,,-0.01154262300407698,-0.02252730657495669,0.0,UMD,HYDRA
33,0.05,top,linear_interpolation,0,0,0,0.6386767985296141,0.6905052188035496,-0.05182842027393553,-0.08114955677691739,0.0,UMD,HYDRA
33,0.05,bottom,linear_interpolation,0,0,0,0.6386767985296141,0.6264556968003988,0.012221101729215311,0.0191350032165689,0.0,UMD,HYDRA
33,0.05,random,linear_interpolation,0,0,0,0.6386767985296141,,0.0054309122040884,0.008503367764765948,0.0,UMD,HYDRA
33,0.1,top,linear_interpolation,0,0,0,0.6386767985296141,0.19092088421314335,0.44775591431647077,0.7010669782906338,0.0,UMD,HYDRA
33,0.1,bottom,linear_interpolation,0,0,0,0.6386767985296141,0.6172404685490708,0.021436329980543345,0.03356360598394808,0.0,UMD,HYDRA
33,0.1,random,linear_interpolation,0,0,0,0.6386767985296141,,0.323564875138466,0.28373871505003007,0.2,UMD,HYDRA
33,0.2,top,linear_interpolation,0,0,1,0.6386767985296141,-0.7328793248296994,1.3715561233593134,1.0,1.0,UMD,HYDRA
33,0.2,bottom,linear_interpolation,0,0,0,0.6386767985296141,0.7359271338923916,-0.0972503353627775,-0.15226822599230871,0.0,UMD,HYDRA
33,0.2,random,linear_interpolation,0,0,0,0.6386767985296141,,0.3843694570680853,0.47232123938851023,0.4,UMD,HYDRA
34,0.05,top,linear_interpolation,0,0,0,0.9907301322044226,0.8419669321704175,0.14876320003400512,0.150154966567973,0.0,UMD,HYDRA
34,0.05,bottom,linear_interpolation,0,0,0,0.9907301322044226,1.0023795532856454,-0.0116494210812228,-0.011758408212430247,0.0,UMD,HYDRA
34,0.05,random,linear_interpolation,0,0,0,0.9907301322044226,,-0.022079508807638114,-0.022286075495084302,0.0,UMD,HYDRA
34,0.1,top,linear_interpolation,0,0,1,0.9907301322044226,-0.6498401054979073,1.64057023770233,1.0,1.0,UMD,HYDRA
34,0.1,bottom,linear_interpolation,0,0,0,0.9907301322044226,1.0035016945610076,-0.012771562356584942,-0.01289104777415001,0.0,UMD,HYDRA
34,0.1,random,linear_interpolation,0,0,0,0.9907301322044226,,0.36507033689408913,0.2859652360308134,0.2,UMD,HYDRA
34,0.2,top,linear_interpolation,0,0,1,0.9907301322044226,-0.40326038025858085,1.3939905124630034,1.0,1.0,UMD,HYDRA
34,0.2,bottom,linear_interpolation,0,0,0,0.9907301322044226,1.0022643270148646,-0.011534194810441933,-0.011642103932656094,0.0,UMD,HYDRA
34,0.2,random,linear_interpolation,0,0,0,0.9907301322044226,,0.6374219823369645,0.47298449877612514,0.4,UMD,HYDRA
35,0.05,top,linear_interpolation,0,0,0,0.5801437935162982,0.5846355132852052,-0.004491719768907054,-0.0077424115826023815,0.0,UMD,HYDRA
35,0.05,bottom,linear_interpolation,0,0,0,0.5801437935162982,0.5594911588701085,0.020652634646189716,0.035599103666884006,0.0,UMD,HYDRA
35,0.05,random,linear_interpolation,0,0,0,0.5801437935162982,,0.01159103717497929,0.019979559076494003,0.0,UMD,HYDRA
35,0.1,top,linear_interpolation,0,0,0,0.5801437935162982,0.39249743319369435,0.18764636032260384,0.3234474607369414,0.0,UMD,HYDRA
35,0.1,bottom,linear_interpolation,0,0,0,0.5801437935162982,0.4782706391060828,0.10187315441021538,0.1755995323042633,0.0,UMD,HYDRA
35,0.1,random,linear_interpolation,0,0,0,0.5801437935162982,,0.18013213663249195,0.3104951361205855,0.0,UMD,HYDRA
35,0.2,top,linear_interpolation,0,0,1,0.5801437935162982,-0.6181400700441451,1.1982838635604431,1.0,1.0,UMD,HYDRA
35,0.2,bottom,linear_interpolation,0,0,0,0.5801437935162982,0.7317476491085129,-0.15160385559221468,-0.26132072076926366,0.0,UMD,HYDRA
35,0.2,random,linear_interpolation,0,0,1,0.5801437935162982,,0.7854678955113601,0.6045483490264398,0.6,UMD,HYDRA
36,0.05,top,linear_interpolation,0,0,0,0.6452914193635687,0.5394776772807321,0.10581374208283656,0.16397797170342907,0.0,UMD,HYDRA
36,0.05,bottom,linear_interpolation,0,0,0,0.6452914193635687,0.6324372678407317,0.012854151522836976,0.019919886143269148,0.0,UMD,HYDRA
36,0.05,random,linear_interpolation,0,0,0,0.6452914193635687,,0.015177515595471114,0.023520368657732278,0.0,UMD,HYDRA
36,0.1,top,linear_interpolation,0,0,1,0.6452914193635687,-0.3440113589256697,0.9893027782892384,1.0,1.0,UMD,HYDRA
36,0.1,bottom,linear_interpolation,0,0,0,0.6452914193635687,0.6956960702260335,-0.05040465086246482,-0.07811133270739072,0.0,UMD,HYDRA
36,0.1,random,linear_interpolation,0,0,0,0.6452914193635687,,0.02326374056599805,0.03605147041544721,0.0,UMD,HYDRA
36,0.2,top,linear_interpolation,0,0,1,0.6452914193635687,-0.6917639160301453,1.337055335393714,1.0,1.0,UMD,HYDRA
36,0.2,bottom,linear_interpolation,0,0,0,0.6452914193635687,0.9236510933570277,-0.27835967399345896,-0.4313698187683596,0.0,UMD,HYDRA
36,0.2,random,linear_interpolation,0,0,0,0.6452914193635687,,0.7754978443843747,0.7158754410684345,0.4,UMD,HYDRA
38,0.05,top,linear_interpolation,0,0,1,0.6008189123037555,-0.7004240842011824,1.301242996504938,1.0,1.0,UMD,HYDRA
38,0.05,bottom,linear_interpolation,0,0,0,0.6008189123037555,0.6625515096029979,-0.06173259729924241,-0.10274725593320942,0.0,UMD,HYDRA
38,0.05,random,linear_interpolation,0,0,0,0.6008189123037555,,0.30717649028121546,0.27810641912769024,0.2,UMD,HYDRA
38,0.1,top,linear_interpolation,0,0,1,0.6008189123037555,-0.8795986023129688,1.4804175146167244,1.0,1.0,UMD,HYDRA
38,0.1,bottom,linear_interpolation,0,0,0,0.6008189123037555,0.6395270878683819,-0.03870817556462636,-0.06442558705520521,0.0,UMD,HYDRA
38,0.1,random,linear_interpolation,0,0,0,0.6008189123037555,,0.3154800342693206,0.21560148080801184,0.2,UMD,HYDRA
38,0.2,top,linear_interpolation,0,0,1,0.6008189123037555,-0.8211331510777895,1.421952063381545,1.0,1.0,UMD,HYDRA
38,0.2,bottom,linear_interpolation,0,0,0,0.6008189123037555,0.6209881055922618,-0.020169193288506304,-0.03356944880733147,0.0,UMD,HYDRA
38,0.2,random,linear_interpolation,0,0,0,0.6008189123037555,,0.09755677313445284,0.1623727362170567,0.0,UMD,HYDRA
39,0.05,top,linear_interpolation,0,0,0,0.9483530347250393,0.6170633317759889,0.33128970294905036,0.34933125269520543,0.0,UMD,HYDRA
39,0.05,bottom,linear_interpolation,0,0,0,0.9483530347250393,0.9465573345279559,0.0017957001970834163,0.001893491387532349,0.0,UMD,HYDRA
39,0.05,random,linear_interpolation,0,0,0,0.9483530347250393,,-0.03492676387105655,-0.03682882403846474,0.0,UMD,HYDRA
39,0.1,top,linear_interpolation,0,0,1,0.9483530347250393,-0.9262898439144039,1.8746428786394431,1.0,1.0,UMD,HYDRA
39,0.1,bottom,linear_interpolation,0,0,0,0.9483530347250393,1.002525170875143,-0.054172136150103745,-0.05712227097321321,0.0,UMD,HYDRA
39,0.1,random,linear_interpolation,0,0,0,0.9483530347250393,,0.41214064687401863,0.2856510928435664,0.2,UMD,HYDRA
39,0.2,top,linear_interpolation,0,0,1,0.9483530347250393,-0.7996634757000414,1.7480165104250807,1.0,1.0,UMD,HYDRA
39,0.2,bottom,linear_interpolation,0,0,0,0.9483530347250393,0.9110184180016268,0.03733461672341254,0.039367805014123375,0.0,UMD,HYDRA
39,0.2,random,linear_interpolation,0,0,0,0.9483530347250393,,0.2527133485207878,0.03885858175822834,0.2,UMD,HYDRA
40,0.05,top,linear_interpolation,0,0,0,0.7491039598985485,0.6453426847159957,0.10376127518255285,0.138513667292505,0.0,UMD,HYDRA
40,0.05,bottom,linear_interpolation,0,0,0,0.7491039598985485,0.8016943696970382,-0.05259040979848972,-0.07020432731564354,0.0,UMD,HYDRA
40,0.05,random,linear_interpolation,0,0,0,0.7491039598985485,,0.21265546953621853,0.2838794039823451,0.0,UMD,HYDRA
40,0.1,top,linear_interpolation,0,0,1,0.7491039598985485,-0.928036217970851,1.6771401778693995,1.0,1.0,UMD,HYDRA
40,0.1,bottom,linear_interpolation,0,0,0,0.7491039598985485,0.7634917722565258,-0.014387812357977259,-0.019206670798075885,0.0,UMD,HYDRA
40,0.1,random,linear_interpolation,0,0,0,0.7491039598985485,,0.386404997424241,0.27966039252109937,0.2,UMD,HYDRA
40,0.2,top,linear_interpolation,0,0,1,0.7491039598985485,-0.921262565876965,1.6703665257755134,1.0,1.0,UMD,HYDRA
40,0.2,bottom,linear_interpolation,0,0,0,0.7491039598985485,0.8668643315857276,-0.11776037168717912,-0.1572014310292745,0.0,UMD,HYDRA
40,0.2,random,linear_interpolation,0,0,0,0.7491039598985485,,0.5811513746096967,0.41262065796163183,0.4,UMD,HYDRA
41,0.05,top,linear_interpolation,0,0,0,0.5541865515323585,0.4137210369662909,0.1404655145660676,0.2534620530137728,0.0,UMD,HYDRA
41,0.05,bottom,linear_interpolation,0,0,0,0.5541865515323585,0.5370039689552393,0.017182582577119243,0.031004995564423043,0.0,UMD,HYDRA
41,0.05,random,linear_interpolation,0,0,0,0.5541865515323585,,0.07365763539496986,0.1329110247808752,0.0,UMD,HYDRA
41,0.1,top,linear_interpolation,0,0,1,0.5541865515323585,-0.15153618348360798,0.7057227350159665,1.0,1.0,UMD,HYDRA
41,0.1,bottom,linear_interpolation,0,0,0,0.5541865515323585,0.5312826656916645,0.022903885840694027,0.0413287627579572,0.0,UMD,HYDRA
41,0.1,random,linear_interpolation,0,0,0,0.5541865515323585,,0.294028552079378,0.1632040396711726,0.2,UMD,HYDRA
41,0.2,top,linear_interpolation,0,0,1,0.5541865515323585,-1.0846616384096996,1.6388481899420582,1.0,1.0,UMD,HYDRA
41,0.2,bottom,linear_interpolation,0,0,0,0.5541865515323585,0.5688228749347806,-0.014636323402422047,-0.02641041532230708,0.0,UMD,HYDRA
41,0.2,random,linear_interpolation,0,0,0,0.5541865515323585,,0.6985187863176426,0.5205929981288284,0.4,UMD,HYDRA
42,0.05,top,linear_interpolation,0,0,0,0.7048587067919869,0.5388644817291033,0.16599422506288364,0.23549966534244046,0.0,UMD,HYDRA
42,0.05,bottom,linear_interpolation,0,0,0,0.7048587067919869,0.7060182525193128,-0.0011595457273259058,-0.0016450730778800248,0.0,UMD,HYDRA
42,0.05,random,linear_interpolation,0,0,0,0.7048587067919869,,0.0002378833798410529,0.00033749039354756815,0.0,UMD,HYDRA
42,0.1,top,linear_interpolation,0,0,0,0.7048587067919869,0.1811462405340668,0.5237124662579201,0.7430024176605038,0.0,UMD,HYDRA
42,0.1,bottom,linear_interpolation,0,0,0,0.7048587067919869,0.7534784727472268,-0.04861976595523987,-0.06897793346213812,0.0,UMD,HYDRA
42,0.1,random,linear_interpolation,0,0,0,0.7048587067919869,,0.0009711372316474787,0.0013777737928408382,0.0,UMD,HYDRA
42,0.2,top,linear_interpolation,0,0,1,0.7048587067919869,-1.0204550698937698,1.7253137766857567,1.0,1.0,UMD,HYDRA
42,0.2,bottom,linear_interpolation,0,0,0,0.7048587067919869,0.6811702253958665,0.023688481396120453,0.033607370612704385,0.0,UMD,HYDRA
42,0.2,random,linear_interpolation,0,0,0,0.7048587067919869,,-0.06533879795007111,-0.0926975926137787,0.0,UMD,HYDRA
43,0.05,top,linear_interpolation,0,0,0,0.973163878995331,0.7196365841259156,0.2535272948694154,0.2605183359382534,0.0,UMD,HYDRA
43,0.05,bottom,linear_interpolation,0,0,0,0.973163878995331,0.9573192790566907,0.01584459993864029,0.016281516401411678,0.0,UMD,HYDRA
43,0.05,random,linear_interpolation,0,0,0,0.973163878995331,,-0.010554235846893434,-0.010845269979111186,0.0,UMD,HYDRA
43,0.1,top,linear_interpolation,0,0,0,0.973163878995331,0.4037019401983205,0.5694619387970105,0.5851649099635691,0.0,UMD,HYDRA
43,0.1,bottom,linear_interpolation,0,0,0,0.973163878995331,0.9872811638326742,-0.014117284837343202,-0.01450657040964888,0.0,UMD,HYDRA
43,0.1,random,linear_interpolation,0,0,0,0.973163878995331,,0.12644411958418214,0.12993082910546422,0.0,UMD,HYDRA
43,0.2,top,linear_interpolation,0,0,1,0.973163878995331,-0.8511145726321686,1.8242784516274995,1.0,1.0,UMD,HYDRA
43,0.2,bottom,linear_interpolation,0,0,0,0.973163878995331,1.0402184189476165,-0.0670545399522855,-0.06890357574505852,0.0,UMD,HYDRA
43,0.2,random,linear_interpolation,0,0,1,0.973163878995331,,1.0007302072779098,0.63440232570691,0.6,UMD,HYDRA
44,0.05,top,linear_interpolation,0,0,0,0.9872146802248416,0.7447793731720069,0.24243530705283467,0.2455748140037841,0.0,UMD,HYDRA
44,0.05,bottom,linear_interpolation,0,0,0,0.9872146802248416,0.9506371780912646,0.03657750213357702,0.037051176218398776,0.0,UMD,HYDRA
44,0.05,random,linear_interpolation,0,0,0,0.9872146802248416,,0.12407342171526725,0.12568015703215846,0.0,UMD,HYDRA
44,0.1,top,linear_interpolation,0,0,0,0.9872146802248416,0.42919865244957556,0.558016027775266,0.5652422656497677,0.0,UMD,HYDRA
44,0.1,bottom,linear_interpolation,0,0,0,0.9872146802248416,1.054865259346804,-0.06765057912196237,-0.0685266456733697,0.0,UMD,HYDRA
44,0.1,random,linear_interpolation,0,0,0,0.9872146802248416,,0.09721899179419191,0.09847796559719348,0.0,UMD,HYDRA
44,0.2,top,linear_interpolation,0,0,1,0.9872146802248416,-0.8040550325133003,1.791269712738142,1.0,1.0,UMD,HYDRA
44,0.2,bottom,linear_interpolation,0,0,0,0.9872146802248416,0.8774197026111978,0.10979497761364376,0.11121680886251482,0.0,UMD,HYDRA
44,0.2,random,linear_interpolation,0,0,0,0.9872146802248416,,0.26086512458263256,0.16651226096855315,0.2,UMD,HYDRA
45,0.05,top,linear_interpolation,0,0,0,0.06541367027143746,-0.10077431746175103,0.1661879877331885,1.0,0.0,UMD,HYDRA
45,0.05,bottom,linear_interpolation,0,0,0,0.06541367027143746,0.07550054725422051,-0.010086876982783044,-0.15419900369332531,0.0,UMD,HYDRA
45,0.05,random,linear_interpolation,0,0,0,0.06541367027143746,,-0.02584903605304243,-0.3951565596185402,0.0,UMD,HYDRA
45,0.1,top,linear_interpolation,0,0,1,0.06541367027143746,-0.290806679788568,0.35622035006000546,1.0,1.0,UMD,HYDRA
45,0.1,bottom,linear_interpolation,0,0,0,0.06541367027143746,0.1534159510589716,-0.08800228078753414,-1.0,0.0,UMD,HYDRA
45,0.1,random,linear_interpolation,0,0,0,0.06541367027143746,,0.20624056656644035,0.5217381437450366,0.2,UMD,HYDRA
45,0.2,top,linear_interpolation,0,0,1,0.06541367027143746,-0.7750032289886648,0.8404168992601022,1.0,1.0,UMD,HYDRA
45,0.2,bottom,linear_interpolation,0,0,0,0.06541367027143746,0.23445458083016213,-0.16904091055872467,-1.0,0.0,UMD,HYDRA
45,0.2,random,linear_interpolation,0,0,0,0.06541367027143746,,0.11335083370216736,-0.05929723749255163,0.2,UMD,HYDRA
46,0.05,top,linear_interpolation,0,0,0,0.8954685033881782,0.7201339906790205,0.17533451270915767,0.19580176884388178,0.0,UMD,HYDRA
46,0.05,bottom,linear_interpolation,0,0,0,0.8954685033881782,0.8505765920773563,0.04489191131082193,0.050132261501888,0.0,UMD,HYDRA
46,0.05,random,linear_interpolation,0,0,0,0.8954685033881782,,-0.03514788790183974,-0.039250792761619524,0.0,UMD,HYDRA
46,0.1,top,linear_interpolation,0,0,1,0.8954685033881782,-0.9490563988344244,1.8445249022226027,1.0,1.0,UMD,HYDRA
46,0.1,bottom,linear_interpolation,0,0,0,0.8954685033881782,0.922873843258857,-0.027405339870678835,-0.03060443685350037,0.0,UMD,HYDRA
46,0.1,random,linear_interpolation,0,0,0,0.8954685033881782,,0.2056624727486997,0.22966999096064894,0.0,UMD,HYDRA
46,0.2,top,linear_interpolation,0,0,1,0.8954685033881782,-1.0014101911145652,1.8968786945027434,1.0,1.0,UMD,HYDRA
46,0.2,bottom,linear_interpolation,0,0,0,0.8954685033881782,0.8556431142888679,0.03982538909931033,0.04447431090464101,0.0,UMD,HYDRA
46,0.2,random,linear_interpolation,0,0,0,0.8954685033881782,,0.5665905246703782,0.41904918113515316,0.4,UMD,HYDRA
47,0.05,top,linear_interpolation,0,0,0,1.0718820053381932,0.7749747361351675,0.2969072692030257,0.2769959666534199,0.0,UMD,HYDRA
47,0.05,bottom,linear_interpolation,0,0,0,1.0718820053381932,1.0850582601985443,-0.013176254860351122,-0.012292624096781756,0.0,UMD,HYDRA
47,0.05,random,linear_interpolation,0,0,0,1.0718820053381932,,-0.02026736679297474,-0.018908189319206643,0.0,UMD,HYDRA
47,0.1,top,linear_interpolation,0,0,0,1.0718820053381932,0.765194147301496,0.3066878580366972,0.28612064610533977,0.0,UMD,HYDRA
47,0.1,bottom,linear_interpolation,0,0,0,1.0718820053381932,1.1019731181400207,-0.030091112801827524,-0.028073131724234573,0.0,UMD,HYDRA
47,0.1,random,linear_interpolation,0,0,0,1.0718820053381932,,0.020973721391779554,0.019567174110724957,0.0,UMD,HYDRA
47,0.2,top,linear_interpolation,0,0,1,1.0718820053381932,-0.6149625542058269,1.6868445595440202,1.0,1.0,UMD,HYDRA
47,0.2,bottom,linear_interpolation,0,0,0,1.0718820053381932,1.0899479936396352,-0.018065988301442015,-0.016854440467354886,0.0,UMD,HYDRA
47,0.2,random,linear_interpolation,0,0,0,1.0718820053381932,,-0.0022085087239792412,-0.0020604009140740426,0.0,UMD,HYDRA
48,0.05,top,linear_interpolation,1,1,1,0.8712003909145699,1.1060887032294175,-0.23488831231484764,-0.2696142531042869,0.0,UMD,HYDRA
48,0.05,bottom,linear_interpolation,1,1,1,0.8712003909145699,0.8674327176260003,0.0037676732885696396,0.0043246869528231705,0.0,UMD,HYDRA
48,0.05,random,linear_interpolation,1,1,1,0.8712003909145699,,0.018055912352719618,0.020725302485760357,0.0,UMD,HYDRA
48,0.1,top,linear_interpolation,1,1,1,0.8712003909145699,1.3028612430532296,-0.4316608521386597,-0.4954776893612517,0.0,UMD,HYDRA
48,0.1,bottom,linear_interpolation,1,1,1,0.8712003909145699,0.8798036459833843,-0.00860325506881443,-0.009875162228314287,0.0,UMD,HYDRA
48,0.1,random,linear_interpolation,1,1,1,0.8712003909145699,,-0.13154316589720239,-0.15099053705494087,0.0,UMD,HYDRA
48,0.2,top,linear_interpolation,1,1,1,0.8712003909145699,0.6859881379900329,0.18521225292453702,0.21259407394896934,0.0,UMD,HYDRA
48,0.2,bottom,linear_interpolation,1,1,1,0.8712003909145699,0.9214521598000837,-0.05025176888551375,-0.057681001671451,0.0,UMD,HYDRA
48,0.2,random,linear_interpolation,1,1,1,0.8712003909145699,,-0.26146736796961967,-0.3001227623100285,0.0,UMD,HYDRA
49,0.05,top,linear_interpolation,1,1,1,0.6592162429051938,0.9658212555830262,-0.30660501267783247,-0.4651046615932152,0.0,UMD,HYDRA
49,0.05,bottom,linear_interpolation,1,1,1,0.6592162429051938,0.6424718085222881,0.016744434382905626,0.025400479983066448,0.0,UMD,HYDRA
49,0.05,random,linear_interpolation,1,1,1,0.6592162429051938,,0.006606967675247289,0.010022443657769244,0.0,UMD,HYDRA
49,0.1,top,linear_interpolation,1,1,1,0.6592162429051938,1.1899425137450699,-0.5307262708398761,-0.8050855413019031,0.0,UMD,HYDRA
49,0.1,bottom,linear_interpolation,1,1,1,0.6592162429051938,0.6924341022935298,-0.03321785938833599,-0.05038985212514118,0.0,UMD,HYDRA
49,0.1,random,linear_interpolation,1,1,1,0.6592162429051938,,-0.15388319080303609,-0.23343320044977492,0.0,UMD,HYDRA
49,0.2,top,linear_interpolation,1,1,1,0.6592162429051938,1.2439907087710274,-0.5847744658658336,-0.8870739838186146,0.0,UMD,HYDRA
49,0.2,bottom,linear_interpolation,1,1,1,0.6592162429051938,0.7639871024641397,-0.10477085955894594,-0.15893221951722172,0.0,UMD,HYDRA
49,0.2,random,linear_interpolation,1,1,1,0.6592162429051938,,-0.32844555950528115,-0.4982356924673419,0.0,UMD,HYDRA
50,0.05,top,linear_interpolation,1,1,1,1.044832538147518,1.2939084238860312,-0.24907588573851314,-0.23838810360176876,0.0,UMD,HYDRA
50,0.05,bottom,linear_interpolation,1,1,1,1.044832538147518,1.0641643706153125,-0.019331832467794463,-0.018502308513248585,0.0,UMD,HYDRA
50,0.05,random,linear_interpolation,1,1,1,1.044832538147518,,-0.05873728457828657,-0.05621688281793417,0.0,UMD,HYDRA
50,0.1,top,linear_interpolation,1,1,1,1.044832538147518,1.349825133993284,-0.304992595845766,-0.291905442073113,0.0,UMD,HYDRA
50,0.1,bottom,linear_interpolation,1,1,1,1.044832538147518,1.0000290876057365,0.044803450541781586,0.04288094601291012,0.0,UMD,HYDRA
50,0.1,random,linear_interpolation,1,1,1,1.044832538147518,,-0.014957833744947479,-0.014315996949588355,0.0,UMD,HYDRA
50,0.2,top,linear_interpolation,1,1,1,1.044832538147518,1.4087583884590962,-0.3639258503115781,-0.348309885761148,0.0,UMD,HYDRA
50,0.2,bottom,linear_interpolation,1,1,1,1.044832538147518,1.1180913672851167,-0.07325882913759862,-0.07011531163852759,0.0,UMD,HYDRA
50,0.2,random,linear_interpolation,1,1,1,1.044832538147518,,-0.17933732304417774,-0.1716420046796559,0.0,UMD,HYDRA
0,0.05,top,blur,0,0,0,1.0697847815471389,1.0182661001646114,0.051518681382527465,0.04815794177785804,0.0,UMD,HYDRA
0,0.05,bottom,blur,0,0,0,1.0697847815471389,1.0504184600129325,0.019366321534206365,0.01810299021379638,0.0,UMD,HYDRA
0,0.05,random,blur,0,0,0,1.0697847815471389,,0.004309145719666896,0.00402804542179926,0.0,UMD,HYDRA
0,0.1,top,blur,0,0,0,1.0697847815471389,0.8978670295930065,0.1719177519541324,0.1607029696221075,0.0,UMD,HYDRA
0,0.1,bottom,blur,0,0,0,1.0697847815471389,1.080986634209181,-0.0112018526620421,-0.010471117540786369,0.0,UMD,HYDRA
0,0.1,random,blur,0,0,0,1.0697847815471389,,0.05594925768081942,0.05229949644676044,0.0,UMD,HYDRA
0,0.2,top,blur,0,0,0,1.0697847815471389,0.967567375869655,0.10221740567748383,0.09554941507042244,0.0,UMD,HYDRA
0,0.2,bottom,blur,0,0,0,1.0697847815471389,1.1784916083198402,-0.10870682677270138,-0.10161550905592341,0.0,UMD,HYDRA
0,0.2,random,blur,0,0,0,1.0697847815471389,,-0.09040270514775872,-0.08450542782221045,0.0,UMD,HYDRA
1,0.05,top,blur,0,0,0,0.9098408194343794,0.8947300017282931,0.015110817706086355,0.016608181096226467,0.0,UMD,HYDRA
1,0.05,bottom,blur,0,0,0,0.9098408194343794,0.9375920395919808,-0.027751220157601342,-0.030501148182937355,0.0,UMD,HYDRA
1,0.05,random,blur,0,0,0,0.9098408194343794,,0.004680822789545092,0.005144655575905504,0.0,UMD,HYDRA
1,0.1,top,blur,0,0,0,0.9098408194343794,0.9042520417029383,0.005588777731441175,0.006142581723618227,0.0,UMD,HYDRA
1,0.1,bottom,blur,0,0,0,0.9098408194343794,0.9862324458768381,-0.07639162644245867,-0.08396143682420422,0.0,UMD,HYDRA
1,0.1,random,blur,0,0,0,0.9098408194343794,,-0.017528646871089126,-0.019265598147583655,0.0,UMD,HYDRA
1,0.2,top,blur,0,0,0,0.9098408194343794,0.8470586918296195,0.06278212760475999,0.06900334350842402,0.0,UMD,HYDRA
1,0.2,bottom,blur,0,0,0,0.9098408194343794,0.9122124220910868,-0.002371602656707328,-0.0026066098590430587,0.0,UMD,HYDRA
1,0.2,random,blur,0,0,0,0.9098408194343794,,-0.05821911082308784,-0.06398816759080261,0.0,UMD,HYDRA
2,0.05,top,blur,0,0,0,0.9290371853593362,0.8831589221499314,0.0458782632094048,0.049382537695864315,0.0,UMD,HYDRA
2,0.05,bottom,blur,0,0,0,0.9290371853593362,0.9436211008878903,-0.014583915528554092,-0.01569786447788826,0.0,UMD,HYDRA
2,0.05,random,blur,0,0,0,0.9290371853593362,,-0.0062872034432424504,-0.00676743275176646,0.0,UMD,HYDRA
2,0.1,top,blur,0,0,0,0.9290371853593362,0.7399787685055941,0.18905841685374214,0.20349908091303862,0.0,UMD,HYDRA
2,0.1,bottom,blur,0,0,0,0.9290371853593362,0.9628835206084498,-0.033846335249113624,-0.03643158675552441,0.0,UMD,HYDRA
2,0.1,random,blur,0,0,0,0.9290371853593362,,-0.027799133736859095,-0.029922487767396623,0.0,UMD,HYDRA
2,0.2,top,blur,0,0,0,0.9290371853593362,0.8563765312708373,0.07266065408849887,0.07821062173068263,0.0,UMD,HYDRA
2,0.2,bottom,blur,0,0,0,0.9290371853593362,1.067812015664218,-0.1387748303048817,-0.14937473237572677,0.0,UMD,HYDRA
2,0.2,random,blur,0,0,0,0.9290371853593362,,0.0008811641845003048,0.0009484692861784633,0.0,UMD,HYDRA
3,0.05,top,blur,0,0,0,0.8887391183879236,0.8276905799186458,0.061048538469277824,0.06869110238886608,0.0,UMD,HYDRA
3,0.05,bottom,blur,0,0,0,0.8887391183879236,0.903416368813259,-0.014677250425335409,-0.016514670736320892,0.0,UMD,HYDRA
3,0.05,random,blur,0,0,0,0.8887391183879236,,-0.03452759149582287,-0.03885004264064518,0.0,UMD,HYDRA
3,0.1,top,blur,0,0,0,0.8887391183879236,0.7045810937634771,0.18415802462444653,0.20721245819136513,0.0,UMD,HYDRA
3,0.1,bottom,blur,0,0,0,0.8887391183879236,0.965274197294169,-0.07653507890624534,-0.08611637679310742,0.0,UMD,HYDRA
3,0.1,random,blur,0,0,0,0.8887391183879236,,-0.01444467008298198,-0.016252974051833076,0.0,UMD,HYDRA
3,0.2,top,blur,0,0,0,0.8887391183879236,0.8045169425116625,0.08422217587626113,0.09476580851220134,0.0,UMD,HYDRA
3,0.2,bottom,blur,0,0,0,0.8887391183879236,0.987277240525404,-0.09853812213748037,-0.11087394402338631,0.0,UMD,HYDRA
3,0.2,random,blur,0,0,0,0.8887391183879236,,0.0092179556822642,0.010371936060436376,0.0,UMD,HYDRA
4,0.05,top,blur,0,0,0,0.6869682889142399,0.7050208454976892,-0.018052556583449286,-0.02627854967429692,0.0,UMD,HYDRA
4,0.05,bottom,blur,0,0,0,0.6869682889142399,0.6638034646577464,0.023164824256493466,0.033720320006016054,0.0,UMD,HYDRA
4,0.05,random,blur,0,0,0,0.6869682889142399,,-0.01270880947553743,-0.018499821870674595,0.0,UMD,HYDRA
4,0.1,top,blur,0,0,0,0.6869682889142399,0.6663916621707626,0.020576626743477267,0.029952760735489033,0.0,UMD,HYDRA
4,0.1,bottom,blur,0,0,0,0.6869682889142399,0.7082459227625961,-0.021277633848356237,-0.030973195151104492,0.0,UMD,HYDRA
4,0.1,random,blur,0,0,0,0.6869682889142399,,0.009369572762606882,0.013638998007342602,0.0,UMD,HYDRA
4,0.2,top,blur,0,0,0,0.6869682889142399,0.6240626332824535,0.0629056556317864,0.091569822184059,0.0,UMD,HYDRA
4,0.2,bottom,blur,0,0,0,0.6869682889142399,0.709426445642285,-0.022458156728045076,-0.03269164588644182,0.0,UMD,HYDRA
4,0.2,random,blur,0,0,0,0.6869682889142399,,0.0077227634988573214,0.011241788568253483,0.0,UMD,HYDRA
5,0.05,top,blur,0,0,0,0.5759741585044547,0.39997592093727474,0.17599823756717992,0.30556567408942986,0.0,UMD,HYDRA
5,0.05,bottom,blur,0,0,0,0.5759741585044547,0.586670985429711,-0.010696826925256309,-0.018571681030534543,0.0,UMD,HYDRA
5,0.05,random,blur,0,0,0,0.5759741585044547,,-0.026342500131839676,-0.045735479634641106,0.0,UMD,HYDRA
5,0.1,top,blur,0,0,0,0.5759741585044547,0.4208716498176628,0.15510250868679187,0.26928680238488495,0.0,UMD,HYDRA
5,0.1,bottom,blur,0,0,0,0.5759741585044547,0.59709335172603,-0.021119193221575294,-0.03666684736267485,0.0,UMD,HYDRA
5,0.1,random,blur,0,0,0,0.5759741585044547,,0.011519754726617615,0.02000043674892017,0.0,UMD,HYDRA
5,0.2,top,blur,0,0,0,0.5759741585044547,0.42377348600826525,0.1522006724961894,0.26424867504943317,0.0,UMD,HYDRA
5,0.2,bottom,blur,0,0,0,0.5759741585044547,0.6535469178275767,-0.07757275932312202,-0.13468073783692888,0.0,UMD,HYDRA
5,0.2,random,blur,0,0,0,0.5759741585044547,,0.005996532673348054,0.010411096007887423,0.0,UMD,HYDRA
6,0.05,top,blur,0,0,0,0.9185464241339178,0.9416282761728347,-0.023081852038916884,-0.025128644893517994,0.0,UMD,HYDRA
6,0.05,bottom,blur,0,0,0,0.9185464241339178,0.9367709046502339,-0.01822448051631609,-0.019840543925643935,0.0,UMD,HYDRA
6,0.05,random,blur,0,0,0,0.9185464241339178,,-0.013353757746159767,-0.01453790778276994,0.0,UMD,HYDRA
6,0.1,top,blur,0,0,0,0.9185464241339178,0.7762785775127607,0.1422678466211571,0.15488350724547395,0.0,UMD,HYDRA
6,0.1,bottom,blur,0,0,0,0.9185464241339178,0.9771276406859764,-0.0585812165520585,-0.06377593035797112,0.0,UMD,HYDRA
6,0.1,random,blur,0,0,0,0.9185464241339178,,-0.015028019113253776,-0.016360634974752042,0.0,UMD,HYDRA
6,0.2,top,blur,0,0,0,0.9185464241339178,0.8015873395916258,0.11695908454229209,0.12733048013560186,0.0,UMD,HYDRA
6,0.2,bottom,blur,0,0,0,0.9185464241339178,1.0479750900272788,-0.129428665893361,-0.14090580681274786,0.0,UMD,HYDRA
6,0.2,random,blur,0,0,0,0.9185464241339178,,0.020139600543615587,0.02192548801996245,0.0,UMD,HYDRA
7,0.05,top,blur,0,0,0,1.0523829382116416,0.9422222666715192,0.11016067154012243,0.10467726420010068,0.0,UMD,HYDRA
7,0.05,bottom,blur,0,0,0,1.0523829382116416,1.023386759799884,0.02899617841175761,0.027552851539174937,0.0,UMD,HYDRA
7,0.05,random,blur,0,0,0,1.0523829382116416,,-0.012463607962251854,-0.011843213783205174,0.0,UMD,HYDRA
7,0.1,top,blur,0,0,0,1.0523829382116416,0.827084413547218,0.22529852466442368,0.21408396354593034,0.0,UMD,HYDRA
7,0.1,bottom,blur,0,0,0,1.0523829382116416,1.0616469923532224,-0.009264054141580713,-0.00880292239857204,0.0,UMD,HYDRA
7,0.1,random,blur,0,0,0,1.0523829382116416,,-0.01956654169078127,-0.018592588674463693,0.0,UMD,HYDRA
7,0.2,top,blur,0,0,0,1.0523829382116416,0.8910527821063119,0.16133015610532975,0.15329971339118362,0.0,UMD,HYDRA
7,0.2,bottom,blur,0,0,0,1.0523829382116416,1.1145817171094792,-0.06219877889783754,-0.059102744387694126,0.0,UMD,HYDRA
7,0.2,random,blur,0,0,0,1.0523829382116416,,0.08695279185709284,0.0826245904178804,0.0,UMD,HYDRA
8,0.05,top,blur,0,0,0,0.7607712103872046,0.7300131904619238,0.030758019925280822,0.04042999928930913,0.0,UMD,HYDRA
8,0.05,bottom,blur,0,0,0,0.7607712103872046,0.7879004145492463,-0.027129204162041676,-0.03566008825195379,0.0,UMD,HYDRA
8,0.05,random,blur,0,0,0,0.7607712103872046,,-0.005858343140646882,-0.007700521996807959,0.0,UMD,HYDRA
8,0.1,top,blur,0,0,0,0.7607712103872046,0.7045844845865821,0.05618672580062256,0.07385486093403125,0.0,UMD,HYDRA
8,0.1,bottom,blur,0,0,0,0.7607712103872046,0.8316345685701327,-0.0708633581829281,-0.09314661762797737,0.0,UMD,HYDRA
8,0.1,random,blur,0,0,0,0.7607712103872046,,0.0032687766498785908,0.004296656220151503,0.0,UMD,HYDRA
8,0.2,top,blur,0,0,0,0.7607712103872046,0.7034526570193005,0.057318553367904146,0.0753425960955266,0.0,UMD,HYDRA
8,0.2,bottom,blur,0,0,0,0.7607712103872046,0.903298654378291,-0.1425274439910864,-0.1873457548068761,0.0,UMD,HYDRA
8,0.2,random,blur,0,0,0,0.7607712103872046,,-0.06755340550672706,-0.08879583741938327,0.0,UMD,HYDRA
9,0.05,top,blur,0,0,0,0.3382812382100644,0.34919958054752587,-0.010918342337461473,-0.032275836872882074,0.0,UMD,HYDRA
9,0.05,bottom,blur,0,0,0,0.3382812382100644,0.4270902337504696,-0.08880899554040522,-0.2625292891826534,0.0,UMD,HYDRA
9,0.05,random,blur,0,0,0,0.3382812382100644,,0.010289300032537075,0.03041631770849195,0.0,UMD,HYDRA
9,0.1,top,blur,0,0,0,0.3382812382100644,0.3606700245976511,-0.02238878638758668,-0.06618374794388061,0.0,UMD,HYDRA
9,0.1,bottom,blur,0,0,0,0.3382812382100644,0.47397296644432985,-0.13569172823426545,-0.40111987242441166,0.0,UMD,HYDRA
9,0.1,random,blur,0,0,0,0.3382812382100644,,-0.00396385506806034,-0.01171759737973263,0.0,UMD,HYDRA
9,0.2,top,blur,0,0,0,0.3382812382100644,0.2567457994191046,0.08153543879095981,0.24102784474403427,0.0,UMD,HYDRA
9,0.2,bottom,blur,0,0,0,0.3382812382100644,0.4083016988512854,-0.07002046064122103,-0.2069882859109504,0.0,UMD,HYDRA
9,0.2,random,blur,0,0,0,0.3382812382100644,,0.026735339194157028,0.07903264249290878,0.0,UMD,HYDRA
10,0.05,top,blur,0,0,0,0.6843432297714487,0.6672474160801396,0.01709581369130908,0.024981307575309857,0.0,UMD,HYDRA
10,0.05,bottom,blur,0,0,0,0.6843432297714487,0.7078128174529581,-0.02346958768150942,-0.03429500339229511,0.0,UMD,HYDRA
10,0.05,random,blur,0,0,0,0.6843432297714487,,-0.0005343789116138975,-0.0007808627418285742,0.0,UMD,HYDRA
10,0.1,top,blur,0,0,0,0.6843432297714487,0.6415575294994138,0.04278570027203488,0.06252072920425451,0.0,UMD,HYDRA
10,0.1,bottom,blur,0,0,0,0.6843432297714487,0.6622221412856916,0.022121088485757112,0.03232450501284261,0.0,UMD,HYDRA
10,0.1,random,blur,0,0,0,0.6843432297714487,,0.006191482777606882,0.009047322251368525,0.0,UMD,HYDRA
10,0.2,top,blur,0,0,0,0.6843432297714487,0.6323478075487599,0.051995422222688825,0.07597846224268422,0.0,UMD,HYDRA
10,0.2,bottom,blur,0,0,0,0.6843432297714487,0.7078751715760048,-0.02353194180455609,-0.03438611853630311,0.0,UMD,HYDRA
10,0.2,random,blur,0,0,0,0.6843432297714487,,-0.045134673000991256,-0.06595317244957985,0.0,UMD,HYDRA
11,0.05,top,blur,0,0,0,0.3366846431727134,0.3640118262299047,-0.027327183057191284,-0.08116527571439379,0.0,UMD,HYDRA
11,0.05,bottom,blur,0,0,0,0.3366846431727134,0.3484353400562036,-0.011750696883490175,-0.034901092819874975,0.0,UMD,HYDRA
11,0.05,random,blur,0,0,0,0.3366846431727134,,-0.0038171301783591406,-0.011337371390086334,0.0,UMD,HYDRA
11,0.1,top,blur,0,0,0,0.3366846431727134,0.25531058692545006,0.08137405624726335,0.24169149441730128,0.0,UMD,HYDRA
11,0.1,bottom,blur,0,0,0,0.3366846431727134,0.3774446164623497,-0.04075997328963632,-0.12106240380653006,0.0,UMD,HYDRA
11,0.1,random,blur,0,0,0,0.3366846431727134,,0.004474272092198283,0.013289168050159663,0.0,UMD,HYDRA
11,0.2,top,blur,0,0,0,0.3366846431727134,0.24803268743489326,0.08865195573782014,0.26330779923497766,0.0,UMD,HYDRA
11,0.2,bottom,blur,0,0,0,0.3366846431727134,0.47321282946091026,-0.13652818628819685,-0.4055064094852434,0.0,UMD,HYDRA
11,0.2,random,blur,0,0,0,0.3366846431727134,,-0.035449855796402585,-0.1052906665765296,0.0,UMD,HYDRA
12,0.05,top,blur,0,0,0,0.7639688405423524,0.6824325267577869,0.0815363137845655,0.10672713693341844,0.0,UMD,HYDRA
12,0.05,bottom,blur,0,0,0,0.7639688405423524,0.8036726086756893,-0.03970376813333698,-0.051970334463924316,0.0,UMD,HYDRA
12,0.05,random,blur,0,0,0,0.7639688405423524,,-0.02296809777165789,-0.030064142002454615,0.0,UMD,HYDRA
12,0.1,top,blur,0,0,0,0.7639688405423524,0.5694595015751684,0.19450933896718392,0.2546034262675856,0.0,UMD,HYDRA
12,0.1,bottom,blur,0,0,0,0.7639688405423524,0.873221255058297,-0.10925241451594458,-0.1430061878337826,0.0,UMD,HYDRA
12,0.1,random,blur,0,0,0,0.7639688405423524,,-0.050968490358820694,-0.0667153173515822,0.0,UMD,HYDRA
12,0.2,top,blur,0,0,0,0.7639688405423524,0.6838239044628458,0.08014493607950657,0.10490589003174602,0.0,UMD,HYDRA
12,0.2,bottom,blur,0,0,0,0.7639688405423524,0.9449768449614748,-0.18100800441912246,-0.23693082477002295,0.0,UMD,HYDRA
12,0.2,random,blur,0,0,0,0.7639688405423524,,-0.02636446241116124,-0.03450982095372346,0.0,UMD,HYDRA
13,0.05,top,blur,0,0,0,0.8184019636787501,0.8190592897734386,-0.0006573260946884929,-0.0008031814691063544,0.0,UMD,HYDRA
13,0.05,bottom,blur,0,0,0,0.8184019636787501,0.8355860151914463,-0.017184051512696197,-0.020997054355049352,0.0,UMD,HYDRA
13,0.05,random,blur,0,0,0,0.8184019636787501,,-0.026660630963014142,-0.03257641057795498,0.0,UMD,HYDRA
13,0.1,top,blur,0,0,0,0.8184019636787501,0.7998842144184815,0.018517749260268612,0.022626688907663138,0.0,UMD,HYDRA
13,0.1,bottom,blur,0,0,0,0.8184019636787501,0.8485268725111152,-0.030124908832365183,-0.036809383847967336,0.0,UMD,HYDRA
13,0.1,random,blur,0,0,0,0.8184019636787501,,0.023126477517454135,0.028258056903288576,0.0,UMD,HYDRA
13,0.2,top,blur,0,0,0,0.8184019636787501,0.6129759877142535,0.20542597596449652,0.2510083480649918,0.0,UMD,HYDRA
13,0.2,bottom,blur,0,0,0,0.8184019636787501,0.8402380820606348,-0.021836118381884706,-0.026681377452166824,0.0,UMD,HYDRA
13,0.2,random,blur,0,0,0,0.8184019636787501,,0.03817076926561778,0.04664055600927791,0.0,UMD,HYDRA
14,0.05,top,blur,0,0,0,0.903420316904588,0.947938064133691,-0.044517747229102955,-0.049276839494594916,0.0,UMD,HYDRA
14,0.05,bottom,blur,0,0,0,0.903420316904588,0.8989426447095517,0.004477672195036364,0.004956349945757655,0.0,UMD,HYDRA
14,0.05,random,blur,0,0,0,0.903420316904588,,-0.019341800480457173,-0.021409501988206785,0.0,UMD,HYDRA
14,0.1,top,blur,0,0,0,0.903420316904588,0.9080086634279729,-0.004588346523384912,-0.005078855720502659,0.0,UMD,HYDRA
14,0.1,bottom,blur,0,0,0,0.903420316904588,0.9941948035787604,-0.09077448667417243,-0.10047857514055016,0.0,UMD,HYDRA
14,0.1,random,blur,0,0,0,0.903420316904588,,0.008384512875144967,0.009280844627258747,0.0,UMD,HYDRA
14,0.2,top,blur,0,0,0,0.903420316904588,0.7767869950769535,0.12663332182763454,0.14017083663856972,0.0,UMD,HYDRA
14,0.2,bottom,blur,0,0,0,0.903420316904588,1.0931094172659521,-0.1896891003613641,-0.20996748340110014,0.0,UMD,HYDRA
14,0.2,random,blur,0,0,0,0.903420316904588,,-0.0729736761592342,-0.08077479996737899,0.0,UMD,HYDRA
15,0.05,top,blur,0,0,0,0.7000230515853572,0.667378294900772,0.03264475668458511,0.04663376438374358,0.0,UMD,HYDRA
15,0.05,bottom,blur,0,0,0,0.7000230515853572,0.6873366791960469,0.012686372389310252,0.01812276644006616,0.0,UMD,HYDRA
15,0.05,random,blur,0,0,0,0.7000230515853572,,0.016060361718748428,0.02294258559027541,0.0,UMD,HYDRA
15,0.1,top,blur,0,0,0,0.7000230515853572,0.666715608254765,0.03330744333059221,0.04758042706555616,0.0,UMD,HYDRA
15,0.1,bottom,blur,0,0,0,0.7000230515853572,0.6799436419326734,0.020079409652683733,0.028683885371094793,0.0,UMD,HYDRA
15,0.1,random,blur,0,0,0,0.7000230515853572,,-0.0053364297903967465,-0.007623209200185675,0.0,UMD,HYDRA
15,0.2,top,blur,0,0,0,0.7000230515853572,0.6635145848297844,0.03650846675557273,0.05215316055625709,0.0,UMD,HYDRA
15,0.2,bottom,blur,0,0,0,0.7000230515853572,0.7430060910913328,-0.042983039505975595,-0.06140223240705962,0.0,UMD,HYDRA
15,0.2,random,blur,0,0,0,0.7000230515853572,,-0.03588948667046519,-0.05126893367332967,0.0,UMD,HYDRA
16,0.05,top,blur,0,0,0,0.5259255046732635,0.5361138700666604,-0.010188365393396959,-0.019372222739994005,0.0,UMD,HYDRA
16,0.05,bottom,blur,0,0,0,0.5259255046732635,0.5236090435778222,0.002316461095441258,0.004404533855696015,0.0,UMD,HYDRA
16,0.05,random,blur,0,0,0,0.5259255046732635,,-0.03630514676578143,-0.06903083690055954,0.0,UMD,HYDRA
16,0.1,top,blur,0,0,0,0.5259255046732635,0.5736814133299755,-0.047755908656711976,-0.09080338836769741,0.0,UMD,HYDRA
16,0.1,bottom,blur,0,0,0,0.5259255046732635,0.6220226926102594,-0.09609718793699595,-0.1827198041610342,0.0,UMD,HYDRA
16,0.1,random,blur,0,0,0,0.5259255046732635,,-0.05489133256578891,-0.10437072875779599,0.0,UMD,HYDRA
16,0.2,top,blur,0,0,0,0.5259255046732635,0.559542432988673,-0.03361692831540952,-0.06391944124644247,0.0,UMD,HYDRA
16,0.2,bottom,blur,0,0,0,0.5259255046732635,0.6901289117247009,-0.16420340705143743,-0.3122174022270474,0.0,UMD,HYDRA
16,0.2,random,blur,0,0,0,0.5259255046732635,,-0.0647275469749116,-0.12307336937719877,0.0,UMD,HYDRA
17,0.05,top,blur,0,0,0,0.9508686762775682,0.8490683170832258,0.10180035919434238,0.10706026465463375,0.0,UMD,HYDRA
17,0.05,bottom,blur,0,0,0,0.9508686762775682,0.9726242518874442,-0.021755575609875955,-0.022879660749140652,0.0,UMD,HYDRA
17,0.05,random,blur,0,0,0,0.9508686762775682,,-0.006915217374365535,-0.007272518565779684,0.0,UMD,HYDRA
17,0.1,top,blur,0,0,0,0.9508686762775682,0.7895001643354407,0.16136851194212753,0.16970623416433617,0.0,UMD,HYDRA
17,0.1,bottom,blur,0,0,0,0.9508686762775682,1.016316723815628,-0.06544804753805988,-0.06882967158472614,0.0,UMD,HYDRA
17,0.1,random,blur,0,0,0,0.9508686762775682,,0.0014501157946495535,0.0015250415812253226,0.0,UMD,HYDRA
17,0.2,top,blur,0,0,0,0.9508686762775682,0.8340210050994512,0.11684767117811701,0.12288505364431036,0.0,UMD,HYDRA
17,0.2,bottom,blur,0,0,0,0.9508686762775682,1.0805324264840932,-0.12966375020652499,-0.1363633244822026,0.0,UMD,HYDRA
17,0.2,random,blur,0,0,0,0.9508686762775682,,-0.05640146591237065,-0.05931566367030355,0.0,UMD,HYDRA
18,0.05,top,blur,0,0,0,0.562967451604653,0.48625197434349055,0.07671547726116246,0.13626958498739503,0.0,UMD,HYDRA
18,0.05,bottom,blur,0,0,0,0.562967451604653,0.568139924656326,-0.00517247305167301,-0.009187855974752562,0.0,UMD,HYDRA
18,0.05,random,blur,0,0,0,0.562967451604653,,-0.011461342530492313,-0.020358765216458508,0.0,UMD,HYDRA
18,0.1,top,blur,0,0,0,0.562967451604653,0.49592394731342704,0.06704350429122596,0.11908927418602054,0.0,UMD,HYDRA
18,0.1,bottom,blur,0,0,0,0.562967451604653,0.5561839511456074,0.006783500459045633,0.012049521495761141,0.0,UMD,HYDRA
18,0.1,random,blur,0,0,0,0.562967451604653,,-0.015072801800697344,-0.02677379479744325,0.0,UMD,HYDRA
18,0.2,top,blur,0,0,0,0.562967451604653,0.44912920983252347,0.11383824177212953,0.20221069484027307,0.0,UMD,HYDRA
18,0.2,bottom,blur,0,0,0,0.562967451604653,0.7067248530133341,-0.1437574014086811,-0.2553560523665638,0.0,UMD,HYDRA
18,0.2,random,blur,0,0,0,0.562967451604653,,-0.04294140497945442,-0.07627675202234993,0.0,UMD,HYDRA
19,0.05,top,blur,0,0,0,0.5604003767006592,0.4729116812132401,0.08748869548741911,0.15611791677334078,0.0,UMD,HYDRA
19,0.05,bottom,blur,0,0,0,0.5604003767006592,0.5736138866622779,-0.01321350996161863,-0.023578653641810523,0.0,UMD,HYDRA
19,0.05,random,blur,0,0,0,0.5604003767006592,,-0.004997820015721266,-0.00891828647021842,0.0,UMD,HYDRA
19,0.1,top,blur,0,0,0,0.5604003767006592,0.39520452986043886,0.16519584684022037,0.29478130088260013,0.0,UMD,HYDRA
19,0.1,bottom,blur,0,0,0,0.5604003767006592,0.567564333710294,-0.0071639570096347915,-0.012783617791612687,0.0,UMD,HYDRA
19,0.1,random,blur,0,0,0,0.5604003767006592,,0.0008202021531498627,0.0014635976770413584,0.0,UMD,HYDRA
19,0.2,top,blur,0,0,0,0.5604003767006592,0.46867119396585244,0.09172918273480679,0.16368479191621316,0.0,UMD,HYDRA
19,0.2,bottom,blur,0,0,0,0.5604003767006592,0.5219667992015455,0.03843357749911369,0.06858223248020882,0.0,UMD,HYDRA
19,0.2,random,blur,0,0,0,0.5604003767006592,,0.011893097591928092,0.021222463195840507,0.0,UMD,HYDRA
20,0.05,top,blur,0,0,0,0.9162435382883265,0.9033055079235475,0.01293803036477903,0.014120717585884972,0.0,UMD,HYDRA
20,0.05,bottom,blur,0,0,0,0.9162435382883265,0.9433195321489733,-0.027075993860646852,-0.029551056218276195,0.0,UMD,HYDRA
20,0.05,random,blur,0,0,0,0.9162435382883265,,-0.007508096945556186,-0.008194424776143674,0.0,UMD,HYDRA
20,0.1,top,blur,0,0,0,0.9162435382883265,0.933123636179648,-0.0168800978913215,-0.018423136167180755,0.0,UMD,HYDRA
20,0.1,bottom,blur,0,0,0,0.9162435382883265,0.9854440131766482,-0.0692004748883217,-0.07552620724768293,0.0,UMD,HYDRA
20,0.1,random,blur,0,0,0,0.9162435382883265,,-0.037161074376891666,-0.04055803098844526,0.0,UMD,HYDRA
20,0.2,top,blur,0,0,0,0.9162435382883265,0.8635359840717065,0.05270755421661999,0.057525640824102595,0.0,UMD,HYDRA
20,0.2,bottom,blur,0,0,0,0.9162435382883265,0.9992324377534161,-0.08298889946508958,-0.09057505501765337,0.0,UMD,HYDRA
20,0.2,random,blur,0,0,0,0.9162435382883265,,-0.04329554011098864,-0.0472532586026333,0.0,UMD,HYDRA
21,0.05,top,blur,0,0,0,0.6618427839945366,0.6321964630043748,0.029646320990161734,0.04479353241218393,0.0,UMD,HYDRA
21,0.05,bottom,blur,0,0,0,0.6618427839945366,0.6631429513806855,-0.0013001673861489094,-0.001964462638451919,0.0,UMD,HYDRA
21,0.05,random,blur,0,0,0,0.6618427839945366,,-0.04187713304992828,-0.06327344014199274,0.0,UMD,HYDRA
21,0.1,top,blur,0,0,0,0.6618427839945366,0.5374606859117608,0.12438209808277578,0.18793271326365216,0.0,UMD,HYDRA
21,0.1,bottom,blur,0,0,0,0.6618427839945366,0.744375533406159,-0.08253274941162247,-0.12470125338867544,0.0,UMD,HYDRA
21,0.1,random,blur,0,0,0,0.6618427839945366,,-0.04065823070173602,-0.06143176333294935,0.0,UMD,HYDRA
21,0.2,top,blur,0,0,0,0.6618427839945366,0.6408171222020153,0.0210256617925213,0.03176831497248732,0.0,UMD,HYDRA
21,0.2,bottom,blur,0,0,0,0.6618427839945366,0.8112961059330503,-0.1494533219385138,-0.2258135915948219,0.0,UMD,HYDRA
21,0.2,random,blur,0,0,0,0.6618427839945366,,-0.09225606083585378,-0.13939250177594073,0.0,UMD,HYDRA
22,0.05,top,blur,0,0,0,0.9102566674440553,0.7117433412365297,0.1985133262075256,0.2180847613895285,0.0,UMD,HYDRA
22,0.05,bottom,blur,0,0,0,0.9102566674440553,0.9228636892888347,-0.012607021844779354,-0.01384994853180315,0.0,UMD,HYDRA
22,0.05,random,blur,0,0,0,0.9102566674440553,,-0.0026771529111286885,-0.0029410935022892593,0.0,UMD,HYDRA
22,0.1,top,blur,0,0,0,0.9102566674440553,0.7053854613297148,0.2048712061143405,0.22506946487976928,0.0,UMD,HYDRA
22,0.1,bottom,blur,0,0,0,0.9102566674440553,0.9613488486460746,-0.051092181202019304,-0.056129360981361294,0.0,UMD,HYDRA
22,0.1,random,blur,0,0,0,0.9102566674440553,,0.007439702210584098,0.008173182689550204,0.0,UMD,HYDRA
22,0.2,top,blur,0,0,0,0.9102566674440553,0.8249672733878746,0.08528939405618075,0.09369807814491456,0.0,UMD,HYDRA
22,0.2,bottom,blur,0,0,0,0.9102566674440553,1.0083169632032836,-0.09806029575922826,-0.10772806345545567,0.0,UMD,HYDRA
22,0.2,random,blur,0,0,0,0.9102566674440553,,-0.0015381646892227874,-0.0016898123951450516,0.0,UMD,HYDRA
23,0.05,top,blur,0,0,0,0.8815940479356639,0.9416621237026765,-0.060068075767012674,-0.06813567738120536,0.0,UMD,HYDRA
23,0.05,bottom,blur,0,0,0,0.8815940479356639,0.9022765243143074,-0.02068247637864351,-0.023460291011245398,0.0,UMD,HYDRA
23,0.05,random,blur,0,0,0,0.8815940479356639,,-0.024608337105033896,-0.027913424834516243,0.0,UMD,HYDRA
23,0.1,top,blur,0,0,0,0.8815940479356639,0.8804843541849652,0.0011096937506986926,0.001258734101668496,0.0,UMD,HYDRA
23,0.1,bottom,blur,0,0,0,0.8815940479356639,0.9848284126746709,-0.10323436473900705,-0.11709952883780352,0.0,UMD,HYDRA
23,0.1,random,blur,0,0,0,0.8815940479356639,,-0.03649040680908744,-0.041391347302293824,0.0,UMD,HYDRA
23,0.2,top,blur,0,0,0,0.8815940479356639,0.8929574046639908,-0.01136335672832689,-0.012889542375419687,0.0,UMD,HYDRA
23,0.2,bottom,blur,0,0,0,0.8815940479356639,1.0974238865721055,-0.21582983863644167,-0.24481743533136574,0.0,UMD,HYDRA
23,0.2,random,blur,0,0,0,0.8815940479356639,,-0.07731404823571908,-0.08769791574573502,0.0,UMD,HYDRA
24,0.05,top,blur,0,0,0,1.027281911008774,1.0112619059870538,0.016020005021720296,0.015594540559415058,0.0,UMD,HYDRA
24,0.05,bottom,blur,0,0,0,1.027281911008774,1.0071991184823237,0.0200827925264504,0.019549427242714905,0.0,UMD,HYDRA
24,0.05,random,blur,0,0,0,1.027281911008774,,0.029617303417037676,0.02883071751671017,0.0,UMD,HYDRA
24,0.1,top,blur,0,0,0,1.027281911008774,1.0614134086590534,-0.03413149765027934,-0.03322502232297703,0.0,UMD,HYDRA
24,0.1,bottom,blur,0,0,0,1.027281911008774,1.0591989303609115,-0.03191701935213742,-0.031069356853990166,0.0,UMD,HYDRA
24,0.1,random,blur,0,0,0,1.027281911008774,,0.018714783578398776,0.018217750317700877,0.0,UMD,HYDRA
24,0.2,top,blur,0,0,0,1.027281911008774,0.9814403202905337,0.045841590718240344,0.04462411496091636,0.0,UMD,HYDRA
24,0.2,bottom,blur,0,0,0,1.027281911008774,1.0955246833931045,-0.06824277238433041,-0.06643035881646,0.0,UMD,HYDRA
24,0.2,random,blur,0,0,0,1.027281911008774,,0.019601248460487896,0.019080672179428947,0.0,UMD,HYDRA
25,0.05,top,blur,0,0,0,0.8178204168769141,0.7522248074380626,0.06559560943885145,0.08020774228357472,0.0,UMD,HYDRA
25,0.05,bottom,blur,0,0,0,0.8178204168769141,0.8204277402569455,-0.0026073233800314455,-0.003188132917805281,0.0,UMD,HYDRA
25,0.05,random,blur,0,0,0,0.8178204168769141,,0.02824714946353719,0.03453950811340579,0.0,UMD,HYDRA
25,0.1,top,blur,0,0,0,0.8178204168769141,0.6786657827277325,0.1391546341491816,0.1701528368877689,0.0,UMD,HYDRA
25,0.1,bottom,blur,0,0,0,0.8178204168769141,0.7847373409982823,0.033083075878631796,0.04045268954311446,0.0,UMD,HYDRA
25,0.1,random,blur,0,0,0,0.8178204168769141,,-0.0322588997408245,-0.03944491923923241,0.0,UMD,HYDRA
25,0.2,top,blur,0,0,0,0.8178204168769141,0.7818386114373868,0.03598180543952734,0.04399714252646279,0.0,UMD,HYDRA
25,0.2,bottom,blur,0,0,0,0.8178204168769141,0.8253232213472761,-0.007502804470362001,-0.009174135472036932,0.0,UMD,HYDRA
25,0.2,random,blur,0,0,0,0.8178204168769141,,0.018836236265009233,0.0230322120163358,0.0,UMD,HYDRA
26,0.05,top,blur,0,0,0,0.9080249200674604,0.6949739367757235,0.21305098329173688,0.23463094894461667,0.0,UMD,HYDRA
26,0.05,bottom,blur,0,0,0,0.9080249200674604,0.9192306599463707,-0.01120573987891027,-0.01234077093094188,0.0,UMD,HYDRA
26,0.05,random,blur,0,0,0,0.9080249200674604,,-0.0005027849846406252,-0.0005537121502030163,0.0,UMD,HYDRA
26,0.1,top,blur,0,0,0,0.9080249200674604,0.7205207029607374,0.18750421710672294,0.2064965470289577,0.0,UMD,HYDRA
26,0.1,bottom,blur,0,0,0,0.9080249200674604,0.9937481652182352,-0.08572324515077479,-0.09440616534867871,0.0,UMD,HYDRA
26,0.1,random,blur,0,0,0,0.9080249200674604,,-0.02313199681830582,-0.025475040202142318,0.0,UMD,HYDRA
26,0.2,top,blur,0,0,0,0.9080249200674604,0.7797946530425088,0.12823026702495155,0.14121872976426145,0.0,UMD,HYDRA
26,0.2,bottom,blur,0,0,0,0.9080249200674604,1.1164404995967823,-0.20841557952932188,-0.22952602444855094,0.0,UMD,HYDRA
26,0.2,random,blur,0,0,0,0.9080249200674604,,-0.11744237596914742,-0.12933813162560623,0.0,UMD,HYDRA
27,0.05,top,blur,0,0,0,0.8924520091127206,0.8572080758639691,0.035243933248751524,0.03949108007803251,0.0,UMD,HYDRA
27,0.05,bottom,blur,0,0,0,0.8924520091127206,0.9270127264902326,-0.034560717377511985,-0.03872553179228153,0.0,UMD,HYDRA
27,0.05,random,blur,0,0,0,0.8924520091127206,,0.021489788232315378,0.024079461902067632,0.0,UMD,HYDRA
27,0.1,top,blur,0,0,0,0.8924520091127206,0.7426466224200539,0.14980538669266674,0.16785801063251912,0.0,UMD,HYDRA
27,0.1,bottom,blur,0,0,0,0.8924520091127206,0.9043894285956011,-0.011937419482880518,-0.013375964180734553,0.0,UMD,HYDRA
27,0.1,random,blur,0,0,0,0.8924520091127206,,0.009572585607845862,0.010726150856237187,0.0,UMD,HYDRA
27,0.2,top,blur,0,0,0,0.8924520091127206,0.8067269363301726,0.08572507278254804,0.09605555912436908,0.0,UMD,HYDRA
27,0.2,bottom,blur,0,0,0,0.8924520091127206,0.9531860333584095,-0.060734024245688856,-0.06805290992975731,0.0,UMD,HYDRA
27,0.2,random,blur,0,0,0,0.8924520091127206,,-0.026608421337390498,-0.029814927022146148,0.0,UMD,HYDRA
28,0.05,top,blur,0,0,0,0.8396049913268757,0.8181682150410061,0.021436776285869596,0.025531947731806767,0.0,UMD,HYDRA
28,0.05,bottom,blur,0,0,0,0.8396049913268757,0.7709321524444415,0.06867283888243425,0.08179174468956178,0.0,UMD,HYDRA
28,0.05,random,blur,0,0,0,0.8396049913268757,,0.03439985965644765,0.04097143185231879,0.0,UMD,HYDRA
28,0.1,top,blur,0,0,0,0.8396049913268757,0.847849770849185,-0.008244779522309287,-0.009819819781513953,0.0,UMD,HYDRA
28,0.1,bottom,blur,0,0,0,0.8396049913268757,0.7847752517058866,0.05482973962098914,0.06530413097021696,0.0,UMD,HYDRA
28,0.1,random,blur,0,0,0,0.8396049913268757,,0.007852783430332888,0.009352938773010303,0.0,UMD,HYDRA
28,0.2,top,blur,0,0,0,0.8396049913268757,0.7486427075157533,0.09096228381112237,0.10833925049459169,0.0,UMD,HYDRA
28,0.2,bottom,blur,0,0,0,0.8396049913268757,0.90151920119822,-0.06191420987134433,-0.07374198196644342,0.0,UMD,HYDRA
28,0.2,random,blur,0,0,0,0.8396049913268757,,0.03151724573976673,0.037538138204514584,0.0,UMD,HYDRA
29,0.05,top,blur,0,0,0,0.6843914362285681,0.667701893774276,0.016689542454292106,0.024385924757237176,0.0,UMD,HYDRA
29,0.05,bottom,blur,0,0,0,0.6843914362285681,0.718124814984147,-0.03373337875557891,-0.04928952596476811,0.0,UMD,HYDRA
29,0.05,random,blur,0,0,0,0.6843914362285681,,0.006566507443885783,0.00959465227300196,0.0,UMD,HYDRA
29,0.1,top,blur,0,0,0,0.6843914362285681,0.7127009206534451,-0.02830948442487702,-0.041364402828412375,0.0,UMD,HYDRA
29,0.1,bottom,blur,0,0,0,0.6843914362285681,0.7116087381679135,-0.02721730193934535,-0.0397685604027563,0.0,UMD,HYDRA
29,0.1,random,blur,0,0,0,0.6843914362285681,,-0.035183607995223465,-0.051408528400908725,0.0,UMD,HYDRA
29,0.2,top,blur,0,0,0,0.6843914362285681,0.6774426263366526,0.006948809891915486,0.01015325349036262,0.0,UMD,HYDRA
29,0.2,bottom,blur,0,0,0,0.6843914362285681,0.7588569864368333,-0.07446555020826517,-0.1088053377951064,0.0,UMD,HYDRA
29,0.2,random,blur,0,0,0,0.6843914362285681,,-0.06965361785671816,-0.10177438289726477,0.0,UMD,HYDRA
30,0.05,top,blur,0,0,0,0.21643725078442866,0.11699894259013682,0.09943830819429184,0.4594303818012827,0.0,UMD,HYDRA
30,0.05,bottom,blur,0,0,0,0.21643725078442866,0.1803773776930777,0.03605987309135095,0.16660582388122508,0.0,UMD,HYDRA
30,0.05,random,blur,0,0,0,0.21643725078442866,,0.02176532364029927,0.10056135438821956,0.0,UMD,HYDRA
30,0.1,top,blur,0,0,0,0.21643725078442866,0.1516533912761362,0.06478385950829246,0.2993179776379585,0.0,UMD,HYDRA
30,0.1,bottom,blur,0,0,0,0.21643725078442866,0.24457957483312287,-0.02814232404869421,-0.13002472505067422,0.0,UMD,HYDRA
30,0.1,random,blur,0,0,0,0.21643725078442866,,0.04995941625961976,0.2308252634576089,0.0,UMD,HYDRA
30,0.2,top,blur,0,0,0,0.21643725078442866,0.18753164656296573,0.028905604221462933,0.13355127440136613,0.0,UMD,HYDRA
30,0.2,bottom,blur,0,0,0,0.21643725078442866,0.31001692310874396,-0.0935796723243153,-0.4323619877039209,0.0,UMD,HYDRA
30,0.2,random,blur,0,0,0,0.21643725078442866,,-0.02666538059733641,-0.12320086907325352,0.0,UMD,HYDRA
31,0.05,top,blur,0,0,0,0.8840290051733946,0.8462969558647611,0.0377320493086335,0.04268186496818362,0.0,UMD,HYDRA
31,0.05,bottom,blur,0,0,0,0.8840290051733946,0.8900653035892951,-0.006036298415900587,-0.006828160108340012,0.0,UMD,HYDRA
31,0.05,random,blur,0,0,0,0.8840290051733946,,0.046815802828590235,0.05295725547167116,0.0,UMD,HYDRA
31,0.1,top,blur,0,0,0,0.8840290051733946,0.7536563707426305,0.13037263443076408,0.14747535000827564,0.0,UMD,HYDRA
31,0.1,bottom,blur,0,0,0,0.8840290051733946,0.9258335298425728,-0.04180452466917828,-0.04728858118450255,0.0,UMD,HYDRA
31,0.1,random,blur,0,0,0,0.8840290051733946,,-0.012753720365122146,-0.014426795799335587,0.0,UMD,HYDRA
31,0.2,top,blur,0,0,0,0.8840290051733946,0.8298419567452788,0.054187048428115725,0.0612954855728991,0.0,UMD,HYDRA
31,0.2,bottom,blur,0,0,0,0.8840290051733946,0.925498801619077,-0.041469796445682494,-0.046909942199924046,0.0,UMD,HYDRA
31,0.2,random,blur,0,0,0,0.8840290051733946,,-0.016046910505017165,-0.018151997569211133,0.0,UMD,HYDRA
32,0.05,top,blur,0,0,0,0.512382619858493,0.40314921315155017,0.10923340670694281,0.21318676568370828,0.0,UMD,HYDRA
32,0.05,bottom,blur,0,0,0,0.512382619858493,0.5451224544549945,-0.03273983459650154,-0.0638971140520523,0.0,UMD,HYDRA
32,0.05,random,blur,0,0,0,0.512382619858493,,-0.031363526040119605,-0.06121102397610093,0.0,UMD,HYDRA
32,0.1,top,blur,0,0,0,0.512382619858493,0.36449044500056405,0.14789217485792894,0.28863564158973876,0.0,UMD,HYDRA
32,0.1,bottom,blur,0,0,0,0.512382619858493,0.6093249502734629,-0.09694233041496991,-0.189198730517074,0.0,UMD,HYDRA
32,0.1,random,blur,0,0,0,0.512382619858493,,-0.010656326750395495,-0.02079755545920553,0.0,UMD,HYDRA
32,0.2,top,blur,0,0,0,0.512382619858493,0.43006729709319413,0.08231532276529885,0.16065174524515868,0.0,UMD,HYDRA
32,0.2,bottom,blur,0,0,0,0.512382619858493,0.596642263777399,-0.08425964391890606,-0.1644464043213879,0.0,UMD,HYDRA
32,0.2,random,blur,0,0,0,0.512382619858493,,-0.05152704970519924,-0.10056342105438434,0.0,UMD,HYDRA
33,0.05,top,blur,0,0,0,0.6386768020832803,0.6912479331030277,-0.05257113101974742,-0.08231244431584678,0.0,UMD,HYDRA
33,0.05,bottom,blur,0,0,0,0.6386768020832803,0.648985391590517,-0.010308589507236787,-0.016140516350515968,0.0,UMD,HYDRA
33,0.05,random,blur,0,0,0,0.6386768020832803,,-0.007100602266350076,-0.011117659394437812,0.0,UMD,HYDRA
33,0.1,top,blur,0,0,0,0.6386768020832803,0.6905209076508778,-0.051844105567597554,-0.08117411533403716,0.0,UMD,HYDRA
33,0.1,bottom,blur,0,0,0,0.6386768020832803,0.6592331383160268,-0.020556336232746553,-0.03218576904613653,0.0,UMD,HYDRA
33,0.1,random,blur,0,0,0,0.6386768020832803,,0.0006661149436622216,0.00104295928477465,0.0,UMD,HYDRA
33,0.2,top,blur,0,0,0,0.6386768020832803,0.7057806990528159,-0.06710389696953567,-0.1050669003222781,0.0,UMD,HYDRA
33,0.2,bottom,blur,0,0,0,0.6386768020832803,0.6732104858223886,-0.03453368373910837,-0.054070587119928355,0.0,UMD,HYDRA
33,0.2,random,blur,0,0,0,0.6386768020832803,,-0.04880731922793151,-0.07641931357051814,0.0,UMD,HYDRA
34,0.05,top,blur,0,0,0,0.9907301250988161,0.9069971628901423,0.08373296220867377,0.08451633353128195,0.0,UMD,HYDRA
34,0.05,bottom,blur,0,0,0,0.9907301250988161,1.0012694836439329,-0.010539358545116784,-0.010637960469916176,0.0,UMD,HYDRA
34,0.05,random,blur,0,0,0,0.9907301250988161,,0.002090365861033483,0.0021099224684446942,0.0,UMD,HYDRA
34,0.1,top,blur,0,0,0,0.9907301250988161,0.8395170033303203,0.15121312176849577,0.15262780984438507,0.0,UMD,HYDRA
34,0.1,bottom,blur,0,0,0,0.9907301250988161,1.0511809579039333,-0.060450832805117205,-0.06101638605437757,0.0,UMD,HYDRA
34,0.1,random,blur,0,0,0,0.9907301250988161,,0.011721356463664633,0.011831016677199416,0.0,UMD,HYDRA
34,0.2,top,blur,0,0,0,0.9907301250988161,0.9128332891154491,0.07789683598336694,0.07862560689773168,0.0,UMD,HYDRA
34,0.2,bottom,blur,0,0,0,0.9907301250988161,1.0872374277548575,-0.09650730265604146,-0.09741018547935068,0.0,UMD,HYDRA
34,0.2,random,blur,0,0,0,0.9907301250988161,,-0.00238004746591014,-0.002402314215850192,0.0,UMD,HYDRA
35,0.05,top,blur,0,0,0,0.5801437959935174,0.6057536719053329,-0.025609875911815516,-0.04414393801112659,0.0,UMD,HYDRA
35,0.05,bottom,blur,0,0,0,0.5801437959935174,0.5673158793364077,0.012827916657109695,0.02211157756770266,0.0,UMD,HYDRA
35,0.05,random,blur,0,0,0,0.5801437959935174,,-0.04553913231970861,-0.07849614895143775,0.0,UMD,HYDRA
35,0.1,top,blur,0,0,0,0.5801437959935174,0.6015812804574096,-0.021437484463892154,-0.03695195511868678,0.0,UMD,HYDRA
35,0.1,bottom,blur,0,0,0,0.5801437959935174,0.5798458644860727,0.0002979315074447264,0.0005135468067665913,0.0,UMD,HYDRA
35,0.1,random,blur,0,0,0,0.5801437959935174,,-0.015262330815772818,-0.02630779577990623,0.0,UMD,HYDRA
35,0.2,top,blur,0,0,0,0.5801437959935174,0.5762427049420891,0.0039010910514283292,0.006724340334291166,0.0,UMD,HYDRA
35,0.2,bottom,blur,0,0,0,0.5801437959935174,0.7352838077462682,-0.15514001175275083,-0.267416018938976,0.0,UMD,HYDRA
35,0.2,random,blur,0,0,0,0.5801437959935174,,-0.028551390242372854,-0.04921424864886987,0.0,UMD,HYDRA
36,0.05,top,blur,0,0,0,0.6452914222052699,0.507256350304228,0.13803507190104192,0.21391088311452763,0.0,UMD,HYDRA
36,0.05,bottom,blur,0,0,0,0.6452914222052699,0.6214957101919631,0.02379571201330677,0.03687585843947391,0.0,UMD,HYDRA
36,0.05,random,blur,0,0,0,0.6452914222052699,,0.030892371360630676,0.04787344511974402,0.0,UMD,HYDRA
36,0.1,top,blur,0,0,0,0.6452914222052699,0.474462834015148,0.17082858819012192,0.26473050405011683,0.0,UMD,HYDRA
36,0.1,bottom,blur,0,0,0,0.6452914222052699,0.6540935155386456,-0.008802093333375671,-0.0136404721804957,0.0,UMD,HYDRA
36,0.1,random,blur,0,0,0,0.6452914222052699,,0.0058591821212508055,0.009079886760838141,0.0,UMD,HYDRA
36,0.2,top,blur,0,0,0,0.6452914222052699,0.490571644903237,0.1547197773020329,0.23976692113210027,0.0,UMD,HYDRA
36,0.2,bottom,blur,0,0,0,0.6452914222052699,0.7020042796607633,-0.05671285745549337,-0.08788706562162728,0.0,UMD,HYDRA
36,0.2,random,blur,0,0,0,0.6452914222052699,,0.08509095537344542,0.1318641788518906,0.0,UMD,HYDRA
38,0.05,top,blur,0,0,0,0.6008189175524331,0.45047200858443015,0.15034690896800296,0.25023622648941607,0.0,UMD,HYDRA
38,0.05,bottom,blur,0,0,0,0.6008189175524331,0.6225842855773834,-0.021765368024950327,-0.03622610933674794,0.0,UMD,HYDRA
38,0.05,random,blur,0,0,0,0.6008189175524331,,0.05141386879987915,0.08557284353908307,0.0,UMD,HYDRA
38,0.1,top,blur,0,0,0,0.6008189175524331,0.4327477035170665,0.16807121403536662,0.2797364220547818,0.0,UMD,HYDRA
38,0.1,bottom,blur,0,0,0,0.6008189175524331,0.636295655920036,-0.0354767383676029,-0.05904720754286058,0.0,UMD,HYDRA
38,0.1,random,blur,0,0,0,0.6008189175524331,,0.031135448179869997,0.05182159790358951,0.0,UMD,HYDRA
38,0.2,top,blur,0,0,0,0.6008189175524331,0.5037014842308807,0.09711743332155243,0.16164150102942793,0.0,UMD,HYDRA
38,0.2,bottom,blur,0,0,0,0.6008189175524331,0.6445933319197104,-0.04377441436727725,-0.07285779497058216,0.0,UMD,HYDRA
38,0.2,random,blur,0,0,0,0.6008189175524331,,0.034675584695905814,0.057713773599856896,0.0,UMD,HYDRA
39,0.05,top,blur,0,0,0,0.9483530338973702,0.758456829454786,0.18989620444258426,0.20023767248838908,0.0,UMD,HYDRA
39,0.05,bottom,blur,0,0,0,0.9483530338973702,0.943223079065866,0.0051299548315042465,0.005409324627873522,0.0,UMD,HYDRA
39,0.05,random,blur,0,0,0,0.9483530338973702,,-0.01969511411079945,-0.02076768106300988,0.0,UMD,HYDRA
39,0.1,top,blur,0,0,0,0.9483530338973702,0.6690131388220317,0.2793398950753385,0.29455233498333844,0.0,UMD,HYDRA
39,0.1,bottom,blur,0,0,0,0.9483530338973702,0.9674482016899344,-0.01909516779256415,-0.02013506255052278,0.0,UMD,HYDRA
39,0.1,random,blur,0,0,0,0.9483530338973702,,0.055678719174859156,0.05871090034387374,0.0,UMD,HYDRA
39,0.2,top,blur,0,0,0,0.9483530338973702,0.6596140194079302,0.28873901448944006,0.3044633166190413,0.0,UMD,HYDRA
39,0.2,bottom,blur,0,0,0,0.9483530338973702,0.9803007579367775,-0.031947724039407266,-0.033687550110494506,0.0,UMD,HYDRA
39,0.2,random,blur,0,0,0,0.9483530338973702,,-0.02866644721531948,-0.03022757977578417,0.0,UMD,HYDRA
40,0.05,top,blur,0,0,0,0.7491039566939994,0.7287333740842212,0.0203705826097782,0.027193228969781522,0.0,UMD,HYDRA
40,0.05,bottom,blur,0,0,0,0.7491039566939994,0.7394496183427024,0.009654338351297032,0.012887831357977136,0.0,UMD,HYDRA
40,0.05,random,blur,0,0,0,0.7491039566939994,,0.06954646729045537,0.09283941678530941,0.0,UMD,HYDRA
40,0.1,top,blur,0,0,0,0.7491039566939994,0.55850989522809,0.1905940614659094,0.25442904864366667,0.0,UMD,HYDRA
40,0.1,bottom,blur,0,0,0,0.7491039566939994,0.7474338556708648,0.0016701010231345848,0.002229461984212716,0.0,UMD,HYDRA
40,0.1,random,blur,0,0,0,0.7491039566939994,,0.021365545907682536,0.028521431765682614,0.0,UMD,HYDRA
40,0.2,top,blur,0,0,0,0.7491039566939994,0.5933272649402984,0.155776691753701,0.20795042184900928,0.0,UMD,HYDRA
40,0.2,bottom,blur,0,0,0,0.7491039566939994,0.7727970102670183,-0.023693053573018874,-0.0316284832469707,0.0,UMD,HYDRA
40,0.2,random,blur,0,0,0,0.7491039566939994,,0.06857657071263754,0.09154467621637999,0.0,UMD,HYDRA
41,0.05,top,blur,0,0,0,0.554186552142682,0.5651541814120689,-0.01096762926938688,-0.019790464847112152,0.0,UMD,HYDRA
41,0.05,bottom,blur,0,0,0,0.554186552142682,0.5432856837742117,0.010900868368470262,0.01966999858860725,0.0,UMD,HYDRA
41,0.05,random,blur,0,0,0,0.554186552142682,,0.014046780610127697,0.025346618767992806,0.0,UMD,HYDRA
41,0.1,top,blur,0,0,0,0.554186552142682,0.5445009482490066,0.009685603893675343,0.017477122783121756,0.0,UMD,HYDRA
41,0.1,bottom,blur,0,0,0,0.554186552142682,0.5677512862739769,-0.013564734131294887,-0.024476793242375984,0.0,UMD,HYDRA
41,0.1,random,blur,0,0,0,0.554186552142682,,0.015191528088650852,0.027412250653980074,0.0,UMD,HYDRA
41,0.2,top,blur,0,0,0,0.554186552142682,0.3647537870844447,0.18943276505823725,0.34182067844328917,0.0,UMD,HYDRA
41,0.2,bottom,blur,0,0,0,0.554186552142682,0.5971356079650546,-0.04294905582237263,-0.07749913482595672,0.0,UMD,HYDRA
41,0.2,random,blur,0,0,0,0.554186552142682,,0.06748312470650683,0.12176947036358646,0.0,UMD,HYDRA
42,0.05,top,blur,0,0,0,0.7048587140408209,0.7235371801202422,-0.018678466079421252,-0.026499551197700477,0.0,UMD,HYDRA
42,0.05,bottom,blur,0,0,0,0.7048587140408209,0.7054603888966839,-0.0006016748558630436,-0.0008536093691803735,0.0,UMD,HYDRA
42,0.05,random,blur,0,0,0,0.7048587140408209,,0.002069964020926762,0.002936703544965094,0.0,UMD,HYDRA
42,0.1,top,blur,0,0,0,0.7048587140408209,0.7306894735353129,-0.025830759494491984,-0.03664666738635035,0.0,UMD,HYDRA
42,0.1,bottom,blur,0,0,0,0.7048587140408209,0.7145594529306267,-0.009700738889805827,-0.013762651910113312,0.0,UMD,HYDRA
42,0.1,random,blur,0,0,0,0.7048587140408209,,-0.015990551352287684,-0.02268614737621622,0.0,UMD,HYDRA
42,0.2,top,blur,0,0,0,0.7048587140408209,0.6869295524535302,0.017929161587290743,0.025436496412181674,0.0,UMD,HYDRA
42,0.2,bottom,blur,0,0,0,0.7048587140408209,0.7062979503438798,-0.0014392363030588662,-0.0020418762406039775,0.0,UMD,HYDRA
42,0.2,random,blur,0,0,0,0.7048587140408209,,-0.048167084004102544,-0.06833570289890764,0.0,UMD,HYDRA
43,0.05,top,blur,0,0,0,0.9731638749761471,0.9129973002406844,0.06016657473546272,0.06182567443870952,0.0,UMD,HYDRA
43,0.05,bottom,blur,0,0,0,0.9731638749761471,0.9872640563455155,-0.014100181369368414,-0.0144889953716363,0.0,UMD,HYDRA
43,0.05,random,blur,0,0,0,0.9731638749761471,,-0.02310140379063914,-0.0237384274593813,0.0,UMD,HYDRA
43,0.1,top,blur,0,0,0,0.9731638749761471,0.9252489600651506,0.04791491491099653,0.049236173790356906,0.0,UMD,HYDRA
43,0.1,bottom,blur,0,0,0,0.9731638749761471,0.98319564555964,-0.010031770583492916,-0.010308397725245479,0.0,UMD,HYDRA
43,0.1,random,blur,0,0,0,0.9731638749761471,,-0.0026683091533147964,-0.002741888062267145,0.0,UMD,HYDRA
43,0.2,top,blur,0,0,0,0.9731638749761471,0.8679797463166989,0.10518412865944815,0.10808459220440553,0.0,UMD,HYDRA
43,0.2,bottom,blur,0,0,0,0.9731638749761471,0.9807613808364433,-0.007597505860296172,-0.0078070078931716394,0.0,UMD,HYDRA
43,0.2,random,blur,0,0,0,0.9731638749761471,,0.06012063762793955,0.061778470610556246,0.0,UMD,HYDRA
44,0.05,top,blur,0,0,0,0.9872146879052135,0.9720235293259682,0.015191158579245245,0.015387882066055465,0.0,UMD,HYDRA
44,0.05,bottom,blur,0,0,0,0.9872146879052135,0.9876162275847642,-0.0004015396795506998,-0.0004067395650921354,0.0,UMD,HYDRA
44,0.05,random,blur,0,0,0,0.9872146879052135,,0.01634976818436753,0.016561495511746096,0.0,UMD,HYDRA
44,0.1,top,blur,0,0,0,0.9872146879052135,0.9565379634869413,0.030676724418272183,0.031073983926821043,0.0,UMD,HYDRA
44,0.1,bottom,blur,0,0,0,0.9872146879052135,0.9845875829346162,0.0026271049705972604,0.002661125631189827,0.0,UMD,HYDRA
44,0.1,random,blur,0,0,0,0.9872146879052135,,-0.019286382491035824,-0.019536138583818356,0.0,UMD,HYDRA
44,0.2,top,blur,0,0,0,0.9872146879052135,0.9048105825177974,0.08240410538741605,0.08347122761214466,0.0,UMD,HYDRA
44,0.2,bottom,blur,0,0,0,0.9872146879052135,1.0388937217072425,-0.051679033802028984,-0.052348270428813216,0.0,UMD,HYDRA
44,0.2,random,blur,0,0,0,0.9872146879052135,,-0.03858891878663053,-0.039088640161820044,0.0,UMD,HYDRA
45,0.05,top,blur,0,0,0,0.0654136706757299,0.04571112040147979,0.019702550274250108,0.3011946719401606,0.0,UMD,HYDRA
45,0.05,bottom,blur,0,0,0,0.0654136706757299,0.07102921105051357,-0.0056155403747836785,-0.08584527471858315,0.0,UMD,HYDRA
45,0.05,random,blur,0,0,0,0.0654136706757299,,-0.0067464239206811326,-0.10313319399136234,0.0,UMD,HYDRA
45,0.1,top,blur,0,0,0,0.0654136706757299,0.042106747198409566,0.02330692347732033,0.3562950518065919,0.0,UMD,HYDRA
45,0.1,bottom,blur,0,0,0,0.0654136706757299,0.09331579707747462,-0.02790212640174472,-0.42654233543511433,0.0,UMD,HYDRA
45,0.1,random,blur,0,0,0,0.0654136706757299,,0.004103074213697622,0.06272406741963377,0.0,UMD,HYDRA
45,0.2,top,blur,0,0,0,0.0654136706757299,0.07943295480216395,-0.01401928412643405,-0.21431406719036614,0.0,UMD,HYDRA
45,0.2,bottom,blur,0,0,0,0.0654136706757299,0.02332950766560643,0.042084163010123465,0.6433444145693376,0.0,UMD,HYDRA
45,0.2,random,blur,0,0,0,0.0654136706757299,,-0.023449987568076647,-0.358482085529738,0.0,UMD,HYDRA
46,0.05,top,blur,0,0,0,0.8954684989448238,0.8872099689220967,0.00825853002272714,0.009222569872517798,0.0,UMD,HYDRA
46,0.05,bottom,blur,0,0,0,0.8954684989448238,0.8985663436713593,-0.0030978447265355147,-0.003459464258900899,0.0,UMD,HYDRA
46,0.05,random,blur,0,0,0,0.8954684989448238,,-0.042734705947579596,-0.047723240152719906,0.0,UMD,HYDRA
46,0.1,top,blur,0,0,0,0.8954684989448238,0.7489625800506634,0.14650591889416043,0.16360793870343504,0.0,UMD,HYDRA
46,0.1,bottom,blur,0,0,0,0.8954684989448238,0.9098537957682145,-0.014385296823390625,-0.01606453021609506,0.0,UMD,HYDRA
46,0.1,random,blur,0,0,0,0.8954684989448238,,-0.03376954928817657,-0.03771155726461806,0.0,UMD,HYDRA
46,0.2,top,blur,0,0,0,0.8954684989448238,0.8125492483188059,0.0829192506260179,0.09259863202903702,0.0,UMD,HYDRA
46,0.2,bottom,blur,0,0,0,0.8954684989448238,0.9001779843405024,-0.004709485395678614,-0.005259235966415422,0.0,UMD,HYDRA
46,0.2,random,blur,0,0,0,0.8954684989448238,,-0.012721992176698116,-0.014207063659554089,0.0,UMD,HYDRA
47,0.05,top,blur,0,0,0,1.0718820021037074,1.0357130216458221,0.0361689804578853,0.033743403325641935,0.0,UMD,HYDRA
47,0.05,bottom,blur,0,0,0,1.0718820021037074,1.0830675085482504,-0.01118550644454297,-0.010435380001912508,0.0,UMD,HYDRA
47,0.05,random,blur,0,0,0,1.0718820021037074,,-0.020556175952849108,-0.01917763031273468,0.0,UMD,HYDRA
47,0.1,top,blur,0,0,0,1.0718820021037074,1.0735927063992872,-0.0017107042955797347,-0.0015959804309073461,0.0,UMD,HYDRA
47,0.1,bottom,blur,0,0,0,1.0718820021037074,1.1335721055656947,-0.06169010346198722,-0.05755301963079227,0.0,UMD,HYDRA
47,0.1,random,blur,0,0,0,1.0718820021037074,,-0.04538796740302988,-0.042344143263723925,0.0,UMD,HYDRA
47,0.2,top,blur,0,0,0,1.0718820021037074,1.0264221030121616,0.0454598990915458,0.042411251043560666,0.0,UMD,HYDRA
47,0.2,bottom,blur,0,0,0,1.0718820021037074,1.2592840723499672,-0.18740207024625977,-0.1748344454371039,0.0,UMD,HYDRA
47,0.2,random,blur,0,0,0,1.0718820021037074,,-0.07959657634024202,-0.07425864220630757,0.0,UMD,HYDRA
48,0.05,top,blur,1,1,1,0.8712003908650224,1.0015899758722555,-0.13038958500723308,-0.1496664105159064,0.0,UMD,HYDRA
48,0.05,bottom,blur,1,1,1,0.8712003908650224,0.8784619243084223,-0.007261533443399859,-0.008335080177259391,0.0,UMD,HYDRA
48,0.05,random,blur,1,1,1,0.8712003908650224,,0.030814934454926134,0.03537062128003463,0.0,UMD,HYDRA
48,0.1,top,blur,1,1,1,0.8712003908650224,1.0037937939658277,-0.13259340310080525,-0.15219604157099917,0.0,UMD,HYDRA
48,0.1,bottom,blur,1,1,1,0.8712003908650224,0.833591831336098,0.03760855952892439,0.043168617409555056,0.0,UMD,HYDRA
48,0.1,random,blur,1,1,1,0.8712003908650224,,-0.03470150030459098,-0.0398317778971124,0.0,UMD,HYDRA
48,0.2,top,blur,1,1,1,0.8712003908650224,0.8498500056483981,0.021350385216624357,0.024506830958368187,0.0,UMD,HYDRA
48,0.2,bottom,blur,1,1,1,0.8712003908650224,0.7427344374509309,0.1284659534140915,0.14745838879634557,0.0,UMD,HYDRA
48,0.2,random,blur,1,1,1,0.8712003908650224,,-0.000419712671618111,-0.0004817630871793932,0.0,UMD,HYDRA
49,0.05,top,blur,1,1,1,0.6592162465933525,0.8177728154190546,-0.15855656882570202,-0.2405224827552333,0.0,UMD,HYDRA
49,0.05,bottom,blur,1,1,1,0.6592162465933525,0.6565316867797509,0.0026845598136016058,0.004072344629141073,0.0,UMD,HYDRA
49,0.05,random,blur,1,1,1,0.6592162465933525,,0.00760669181332072,0.011538975736193103,0.0,UMD,HYDRA
49,0.1,top,blur,1,1,1,0.6592162465933525,0.8377842330069926,-0.17856798641364002,-0.2708788147404041,0.0,UMD,HYDRA
49,0.1,bottom,blur,1,1,1,0.6592162465933525,0.6134875834938506,0.045728663099501965,0.06936812308205634,0.0,UMD,HYDRA
49,0.1,random,blur,1,1,1,0.6592162465933525,,-0.021453560916488555,-0.03254399217762348,0.0,UMD,HYDRA
49,0.2,top,blur,1,1,1,0.6592162465933525,0.8097872040386077,-0.15057095744525517,-0.22840870475304326,0.0,UMD,HYDRA
49,0.2,bottom,blur,1,1,1,0.6592162465933525,0.5983258808954988,0.06089036569785378,0.0923676769873936,0.0,UMD,HYDRA
49,0.2,random,blur,1,1,1,0.6592162465933525,,-0.07294650936184141,-0.11065625139331267,0.0,UMD,HYDRA
50,0.05,top,blur,1,1,1,1.0448325440843576,1.1794877961162151,-0.13465525203185758,-0.12887722909955293,0.0,UMD,HYDRA
50,0.05,bottom,blur,1,1,1,1.0448325440843576,1.0443448369892074,0.0004877070951501139,0.00046677970659672613,0.0,UMD,HYDRA
50,0.05,random,blur,1,1,1,1.0448325440843576,,-0.020707161274832873,-0.019818622202620463,0.0,UMD,HYDRA
50,0.1,top,blur,1,1,1,1.0448325440843576,1.15128359654745,-0.10645105246309239,-0.1018832646269804,0.0,UMD,HYDRA
50,0.1,bottom,blur,1,1,1,1.0448325440843576,1.0131338424327452,0.03169870165161237,0.030338518351640028,0.0,UMD,HYDRA
50,0.1,random,blur,1,1,1,1.0448325440843576,,-0.022583899061963654,-0.021614829644233047,0.0,UMD,HYDRA
50,0.2,top,blur,1,1,1,1.0448325440843576,1.1045183649286106,-0.059685820844253,-0.05712471731232444,0.0,UMD,HYDRA
50,0.2,bottom,blur,1,1,1,1.0448325440843576,0.9953379233621314,0.0494946207222261,0.04737081901940738,0.0,UMD,HYDRA
50,0.2,random,blur,1,1,1,1.0448325440843576,,-0.060983903096575906,-0.058367099182309756,0.0,UMD,HYDRA
