sample_idx,fraction,mode,perturbation,true_label,base_pred,masked_pred,score_before,score_after,score_drop,bounded_relative_score_drop,flipped,dataset,model
0,0.05,top,global_mean,0,0,0,6.84399633847622,12.180249098614574,-5.336252760138354,-0.779698251800671,0.0,DodgerLoopDay,LR
0,0.05,bottom,global_mean,0,0,0,6.84399633847622,6.839298310813321,0.0046980276628989515,0.0006864449868335194,0.0,DodgerLoopDay,LR
0,0.05,random,global_mean,0,0,0,6.84399633847622,,-0.5010947047499663,-0.07321667148127975,0.0,DodgerLoopDay,LR
0,0.1,top,global_mean,0,0,0,6.84399633847622,15.42668696733459,-8.58269062885837,-1.0,0.0,DodgerLoopDay,LR
0,0.1,bottom,global_mean,0,0,0,6.84399633847622,6.789127904118601,0.05486843435761912,0.008017015735695082,0.0,DodgerLoopDay,LR
0,0.1,random,global_mean,0,0,0,6.84399633847622,,-2.878899365010985,-0.38715207665614304,0.0,DodgerLoopDay,LR
0,0.2,top,global_mean,0,0,0,6.84399633847622,4.635311053637865,2.2086852848383547,0.32271860662793694,0.0,DodgerLoopDay,LR
0,0.2,bottom,global_mean,0,0,0,6.84399633847622,6.749626815291547,0.09436952318467284,0.013788655739846287,0.0,DodgerLoopDay,LR
0,0.2,random,global_mean,0,0,0,6.84399633847622,,-0.016189630833802225,-0.0023655226665249924,0.0,DodgerLoopDay,LR
1,0.05,top,global_mean,0,0,0,7.420211207057175,12.860306907263114,-5.440095700205939,-0.7331455689410071,0.0,DodgerLoopDay,LR
1,0.05,bottom,global_mean,0,0,0,7.420211207057175,7.434477357960478,-0.014266150903303298,-0.0019226068615308771,0.0,DodgerLoopDay,LR
1,0.05,random,global_mean,0,0,0,7.420211207057175,,-0.95504788609055,-0.12870897212107063,0.0,DodgerLoopDay,LR
1,0.1,top,global_mean,0,0,0,7.420211207057175,16.020748426114913,-8.600537219057738,-1.0,0.0,DodgerLoopDay,LR
1,0.1,bottom,global_mean,0,0,0,7.420211207057175,7.231479764785837,0.18873144227133842,0.02543477693156009,0.0,DodgerLoopDay,LR
1,0.1,random,global_mean,0,0,0,7.420211207057175,,-0.0686760820013312,-0.00925527196324859,0.0,DodgerLoopDay,LR
1,0.2,top,global_mean,0,0,0,7.420211207057175,5.073815283008585,2.34639592404859,0.3162168221842756,0.0,DodgerLoopDay,LR
1,0.2,bottom,global_mean,0,0,0,7.420211207057175,7.323180649942753,0.09703055711442232,0.013076520510038651,0.0,DodgerLoopDay,LR
1,0.2,random,global_mean,0,0,0,7.420211207057175,,0.20675572688898286,0.027863856331809857,0.0,DodgerLoopDay,LR
2,0.05,top,global_mean,0,0,0,6.607033612971316,11.938969403252933,-5.331935790281618,-0.8070089083253249,0.0,DodgerLoopDay,LR
2,0.05,bottom,global_mean,0,0,0,6.607033612971316,6.57280141621065,0.0342321967606658,0.005181174122118137,0.0,DodgerLoopDay,LR
2,0.05,random,global_mean,0,0,0,6.607033612971316,,-0.3421645607473526,-0.05178791709000511,0.0,DodgerLoopDay,LR
2,0.1,top,global_mean,0,0,0,6.607033612971316,15.025767207648272,-8.418733594676956,-1.0,0.0,DodgerLoopDay,LR
2,0.1,bottom,global_mean,0,0,0,6.607033612971316,6.365751126657958,0.24128248631335758,0.036519028648594895,0.0,DodgerLoopDay,LR
2,0.1,random,global_mean,0,0,0,6.607033612971316,,-0.7848229878463151,-0.11878596584093941,0.0,DodgerLoopDay,LR
2,0.2,top,global_mean,0,0,0,6.607033612971316,4.442110193203858,2.164923419767458,0.3276694533304176,0.0,DodgerLoopDay,LR
2,0.2,bottom,global_mean,0,0,0,6.607033612971316,6.544912997516924,0.062120615454391626,0.009402193131005066,0.0,DodgerLoopDay,LR
2,0.2,random,global_mean,0,0,0,6.607033612971316,,-1.8088184963123344,-0.26058912321841887,0.0,DodgerLoopDay,LR
3,0.05,top,global_mean,0,0,0,6.078237757321739,10.04272380711477,-3.964486049793031,-0.6522425669800287,0.0,DodgerLoopDay,LR
3,0.05,bottom,global_mean,0,0,0,6.078237757321739,6.039318028928744,0.03891972839299562,0.006403125962453121,0.0,DodgerLoopDay,LR
3,0.05,random,global_mean,0,0,0,6.078237757321739,,-0.04543436948657877,-0.007474923460656977,0.0,DodgerLoopDay,LR
3,0.1,top,global_mean,0,0,0,6.078237757321739,12.054836174997579,-5.97659841767584,-0.9832779948758239,0.0,DodgerLoopDay,LR
3,0.1,bottom,global_mean,0,0,0,6.078237757321739,6.156740843351464,-0.07850308602972511,-0.012915433098965005,0.0,DodgerLoopDay,LR
3,0.1,random,global_mean,0,0,0,6.078237757321739,,0.028623249622891932,0.004709135452833745,0.0,DodgerLoopDay,LR
3,0.2,top,global_mean,0,0,0,6.078237757321739,5.016453632830016,1.061784124491723,0.17468614953841957,0.0,DodgerLoopDay,LR
3,0.2,bottom,global_mean,0,0,0,6.078237757321739,6.231779927809436,-0.1535421704876967,-0.02526096400914533,0.0,DodgerLoopDay,LR
3,0.2,random,global_mean,0,0,0,6.078237757321739,,-1.746987495206851,-0.28741672793002093,0.0,DodgerLoopDay,LR
4,0.05,top,global_mean,0,0,0,6.645112595136142,11.909413001635414,-5.264300406499272,-0.7922062326146614,0.0,DodgerLoopDay,LR
4,0.05,bottom,global_mean,0,0,0,6.645112595136142,6.565455679046643,0.07965691608949932,0.011987291857253396,0.0,DodgerLoopDay,LR
4,0.05,random,global_mean,0,0,0,6.645112595136142,,0.09600454189187708,0.014447389125469145,0.0,DodgerLoopDay,LR
4,0.1,top,global_mean,0,0,0,6.645112595136142,14.99598724120656,-8.350874646070418,-1.0,0.0,DodgerLoopDay,LR
4,0.1,bottom,global_mean,0,0,0,6.645112595136142,6.713175479735106,-0.06806288459896415,-0.010242546440256859,0.0,DodgerLoopDay,LR
4,0.1,random,global_mean,0,0,0,6.645112595136142,,-0.9043729698958736,-0.1360959383083872,0.0,DodgerLoopDay,LR
4,0.2,top,global_mean,0,0,0,6.645112595136142,4.508050727029783,2.1370618681063593,0.3215989971443936,0.0,DodgerLoopDay,LR
4,0.2,bottom,global_mean,0,0,0,6.645112595136142,6.3989493510586275,0.24616324407751478,0.037044249214594725,0.0,DodgerLoopDay,LR
4,0.2,random,global_mean,0,0,0,6.645112595136142,,-1.372901633161442,-0.20660318495779068,0.0,DodgerLoopDay,LR
5,0.05,top,global_mean,0,0,0,4.468582057316594,10.405193987506047,-5.9366119301894535,-1.0,0.0,DodgerLoopDay,LR
5,0.05,bottom,global_mean,0,0,0,4.468582057316594,4.472754621884297,-0.0041725645677033185,-0.0009337556254820883,0.0,DodgerLoopDay,LR
5,0.05,random,global_mean,0,0,0,4.468582057316594,,0.4001891967783838,0.08955617287299554,0.0,DodgerLoopDay,LR
5,0.1,top,global_mean,0,0,0,4.468582057316594,14.646589293705174,-10.17800723638858,-1.0,0.0,DodgerLoopDay,LR
5,0.1,bottom,global_mean,0,0,0,4.468582057316594,4.29255256620163,0.17602949111496358,0.03939268641918679,0.0,DodgerLoopDay,LR
5,0.1,random,global_mean,0,0,0,4.468582057316594,,-0.724641317174505,-0.16216355562374968,0.0,DodgerLoopDay,LR
5,0.2,top,global_mean,0,0,0,4.468582057316594,3.8748441435622314,0.5937379137543624,0.13286939196133124,0.0,DodgerLoopDay,LR
5,0.2,bottom,global_mean,0,0,0,4.468582057316594,4.35071453286252,0.11786752445407345,0.02637693491252985,0.0,DodgerLoopDay,LR
5,0.2,random,global_mean,0,0,0,4.468582057316594,,-1.672018529842044,-0.22729499823361446,0.0,DodgerLoopDay,LR
6,0.05,top,global_mean,0,0,0,3.4118289121107668,8.209216020847773,-4.797387108737006,-1.0,0.0,DodgerLoopDay,LR
6,0.05,bottom,global_mean,0,0,0,3.4118289121107668,3.369136505145929,0.04269240696483756,0.01251305254499789,0.0,DodgerLoopDay,LR
6,0.05,random,global_mean,0,0,0,3.4118289121107668,,-0.27651792711017853,-0.08104680896566371,0.0,DodgerLoopDay,LR
6,0.1,top,global_mean,0,0,0,3.4118289121107668,11.319603372444798,-7.90777446033403,-1.0,0.0,DodgerLoopDay,LR
6,0.1,bottom,global_mean,0,0,6,3.4118289121107668,3.4685674876684796,-0.05673857555771278,-0.016629954311705657,1.0,DodgerLoopDay,LR
6,0.1,random,global_mean,0,0,1,3.4118289121107668,,-0.4477170628097351,-0.04062940856136288,0.2,DodgerLoopDay,LR
6,0.2,top,global_mean,0,0,0,3.4118289121107668,2.063201909400068,1.3486270027106988,0.39527967028003325,0.0,DodgerLoopDay,LR
6,0.2,bottom,global_mean,0,0,6,3.4118289121107668,3.5885146996181887,-0.17668578750742192,-0.05178622383262748,1.0,DodgerLoopDay,LR
6,0.2,random,global_mean,0,0,0,3.4118289121107668,,-2.884766994519751,-0.4368211208228197,0.0,DodgerLoopDay,LR
7,0.05,top,global_mean,0,0,0,5.985267956413416,11.387522345358056,-5.402254388944639,-0.9025917512288136,0.0,DodgerLoopDay,LR
7,0.05,bottom,global_mean,0,0,0,5.985267956413416,6.002026687885806,-0.0167587314723896,-0.0027999963902093413,0.0,DodgerLoopDay,LR
7,0.05,random,global_mean,0,0,0,5.985267956413416,,0.008744797364547452,0.0014610533675645618,0.0,DodgerLoopDay,LR
7,0.1,top,global_mean,0,0,0,5.985267956413416,14.967262779776764,-8.981994823363348,-1.0,0.0,DodgerLoopDay,LR
7,0.1,bottom,global_mean,0,0,0,5.985267956413416,5.879769507013373,0.10549844940004327,0.017626350656639773,0.0,DodgerLoopDay,LR
7,0.1,random,global_mean,0,0,0,5.985267956413416,,0.27184831783096153,0.04541956590600109,0.0,DodgerLoopDay,LR
7,0.2,top,global_mean,0,0,0,5.985267956413416,4.1302080734212705,1.8550598829921459,0.3099375978759295,0.0,DodgerLoopDay,LR
7,0.2,bottom,global_mean,0,0,0,5.985267956413416,5.595793732697416,0.38947422371600027,0.06507213402643595,0.0,DodgerLoopDay,LR
7,0.2,random,global_mean,0,0,0,5.985267956413416,,-3.209902104808987,-0.44194077015323574,0.0,DodgerLoopDay,LR
9,0.05,top,global_mean,0,0,0,6.169689044309829,11.157848007874815,-4.988158963564986,-0.808494256233416,0.0,DodgerLoopDay,LR
9,0.05,bottom,global_mean,0,0,0,6.169689044309829,6.170168915424227,-0.0004798711143987333,-7.777880427580119e-05,0.0,DodgerLoopDay,LR
9,0.05,random,global_mean,0,0,0,6.169689044309829,,0.004280966870326708,0.0006938706546976287,0.0,DodgerLoopDay,LR
9,0.1,top,global_mean,0,0,0,6.169689044309829,14.364062885055379,-8.19437384074555,-1.0,0.0,DodgerLoopDay,LR
9,0.1,bottom,global_mean,0,0,0,6.169689044309829,6.321366264052047,-0.15167721974221848,-0.024584252799232126,0.0,DodgerLoopDay,LR
9,0.1,random,global_mean,0,0,0,6.169689044309829,,-1.3865635362414441,-0.21414589267169873,0.0,DodgerLoopDay,LR
9,0.2,top,global_mean,0,0,0,6.169689044309829,4.060542005022077,2.109147039287752,0.3418562398013774,0.0,DodgerLoopDay,LR
9,0.2,bottom,global_mean,0,0,0,6.169689044309829,6.278620055724774,-0.10893101141494554,-0.017655832081128656,0.0,DodgerLoopDay,LR
9,0.2,random,global_mean,0,0,0,6.169689044309829,,-1.3534224949676084,-0.21795816916015087,0.0,DodgerLoopDay,LR
10,0.05,top,global_mean,0,0,0,6.12937535586428,11.445134313920956,-5.315758958056676,-0.8672593506141656,0.0,DodgerLoopDay,LR
10,0.05,bottom,global_mean,0,0,0,6.12937535586428,6.133993172082397,-0.004617816218116744,-0.0007533908753536808,0.0,DodgerLoopDay,LR
10,0.05,random,global_mean,0,0,0,6.12937535586428,,0.028303561570164247,0.004617690271716604,0.0,DodgerLoopDay,LR
10,0.1,top,global_mean,0,0,0,6.12937535586428,14.811765609688726,-8.682390253824446,-1.0,0.0,DodgerLoopDay,LR
10,0.1,bottom,global_mean,0,0,0,6.12937535586428,5.950839432078213,0.17853592378606642,0.029127910152760027,0.0,DodgerLoopDay,LR
10,0.1,random,global_mean,0,0,0,6.12937535586428,,1.0143492172424473,0.16548979184023654,0.0,DodgerLoopDay,LR
10,0.2,top,global_mean,0,0,0,6.12937535586428,4.1229037305209975,2.0064716253432824,0.3273533078815744,0.0,DodgerLoopDay,LR
10,0.2,bottom,global_mean,0,0,0,6.12937535586428,5.742672883112434,0.3867024727518462,0.06309001932665934,0.0,DodgerLoopDay,LR
10,0.2,random,global_mean,0,0,0,6.12937535586428,,-2.941421429678403,-0.3518370177074378,0.0,DodgerLoopDay,LR
11,0.05,top,global_mean,1,1,3,2.3266548263991633,2.053960136869951,0.2726946895292124,0.11720456736020422,1.0,DodgerLoopDay,LR
11,0.05,bottom,global_mean,1,1,1,2.3266548263991633,2.2897757350400405,0.03687909135912282,0.015850686182579288,0.0,DodgerLoopDay,LR
11,0.05,random,global_mean,1,1,2,2.3266548263991633,,0.17623544732141389,0.07574624717664569,0.4,DodgerLoopDay,LR
11,0.1,top,global_mean,1,1,1,2.3266548263991633,2.278366170115255,0.04828865628390844,0.02075453349653443,0.0,DodgerLoopDay,LR
11,0.1,bottom,global_mean,1,1,1,2.3266548263991633,2.0631532556667618,0.26350157073240155,0.11325335176032819,0.0,DodgerLoopDay,LR
11,0.1,random,global_mean,1,1,1,2.3266548263991633,,-0.587129530573341,-0.25234911150653894,0.2,DodgerLoopDay,LR
11,0.2,top,global_mean,1,1,2,2.3266548263991633,1.282521804688927,1.0441330217102363,0.44876986525599843,1.0,DodgerLoopDay,LR
11,0.2,bottom,global_mean,1,1,3,2.3266548263991633,1.4046372484090548,0.9220175779901085,0.39628447298845404,1.0,DodgerLoopDay,LR
11,0.2,random,global_mean,1,1,1,2.3266548263991633,,0.23583562153928908,0.10136248725032908,0.2,DodgerLoopDay,LR
12,0.05,top,global_mean,1,1,6,2.492725866739883,1.715913367911517,0.776812498828366,0.3116316148364548,1.0,DodgerLoopDay,LR
12,0.05,bottom,global_mean,1,1,1,2.492725866739883,2.5237404240036128,-0.031014557263729703,-0.012442019892974533,0.0,DodgerLoopDay,LR
12,0.05,random,global_mean,1,1,2,2.492725866739883,,-0.11643468518449715,-0.04670976461082414,0.4,DodgerLoopDay,LR
12,0.1,top,global_mean,1,1,0,2.492725866739883,2.6476308604245946,-0.15490499368471156,-0.06214278658106827,1.0,DodgerLoopDay,LR
12,0.1,bottom,global_mean,1,1,1,2.492725866739883,2.531357044570893,-0.03863117783101,-0.015497557452627712,0.0,DodgerLoopDay,LR
12,0.1,random,global_mean,1,1,2,2.492725866739883,,-0.17863633239676185,-0.07166301883302269,0.6,DodgerLoopDay,LR
12,0.2,top,global_mean,1,1,0,2.492725866739883,2.621042669089863,-0.1283168023499801,-0.05147647905676864,1.0,DodgerLoopDay,LR
12,0.2,bottom,global_mean,1,1,1,2.492725866739883,2.32702198022963,0.16570388651025292,0.06647494706348193,0.0,DodgerLoopDay,LR
12,0.2,random,global_mean,1,1,2,2.492725866739883,,-0.8089749941954819,-0.3245341497255579,0.6,DodgerLoopDay,LR
20,0.05,top,global_mean,1,1,1,2.718285746679951,2.808011570080631,-0.08972582340068014,-0.03300822604909841,0.0,DodgerLoopDay,LR
20,0.05,bottom,global_mean,1,1,2,2.718285746679951,2.5830337280253244,0.13525201865462666,0.04975634701519998,1.0,DodgerLoopDay,LR
20,0.05,random,global_mean,1,1,1,2.718285746679951,,-0.2757036833655306,-0.10142553345494854,0.2,DodgerLoopDay,LR
20,0.1,top,global_mean,1,1,1,2.718285746679951,2.8412345483448425,-0.12294880166489142,-0.04523025461352011,0.0,DodgerLoopDay,LR
20,0.1,bottom,global_mean,1,1,2,2.718285746679951,2.42369002755794,0.294595719122011,0.10837551243695058,1.0,DodgerLoopDay,LR
20,0.1,random,global_mean,1,1,2,2.718285746679951,,-0.2319005565248184,-0.08531129278692032,0.8,DodgerLoopDay,LR
20,0.2,top,global_mean,1,1,2,2.718285746679951,2.207189394657052,0.511096352022899,0.18802150017732294,1.0,DodgerLoopDay,LR
20,0.2,bottom,global_mean,1,1,2,2.718285746679951,2.0637417169740724,0.6545440297058787,0.24079285620081203,1.0,DodgerLoopDay,LR
20,0.2,random,global_mean,1,1,1,2.718285746679951,,-0.24869629007683178,-0.09149008668073129,0.4,DodgerLoopDay,LR
21,0.05,top,global_mean,1,1,1,3.3132005730576113,3.1451657009086813,0.16803487214892998,0.05071676698313825,0.0,DodgerLoopDay,LR
21,0.05,bottom,global_mean,1,1,1,3.3132005730576113,3.313756645630534,-0.0005560725729227833,-0.0001678354186007487,0.0,DodgerLoopDay,LR
21,0.05,random,global_mean,1,1,1,3.3132005730576113,,0.4238505618841918,0.12792779205795146,0.4,DodgerLoopDay,LR
21,0.1,top,global_mean,1,1,1,3.3132005730576113,2.9329360447807007,0.3802645282769106,0.11477253040356998,0.0,DodgerLoopDay,LR
21,0.1,bottom,global_mean,1,1,1,3.3132005730576113,3.263934139113625,0.04926643394398633,0.01486973637360689,0.0,DodgerLoopDay,LR
21,0.1,random,global_mean,1,1,1,3.3132005730576113,,0.041148031526681984,0.012419416874992078,0.0,DodgerLoopDay,LR
21,0.2,top,global_mean,1,1,1,3.3132005730576113,2.563062927254195,0.7501376458034161,0.2264086954151559,0.0,DodgerLoopDay,LR
21,0.2,bottom,global_mean,1,1,1,3.3132005730576113,2.7363410214555572,0.576859551602054,0.1741094041162413,0.0,DodgerLoopDay,LR
21,0.2,random,global_mean,1,1,1,3.3132005730576113,,-0.013517141813945255,-0.004079782505195073,0.0,DodgerLoopDay,LR
26,0.05,top,global_mean,2,2,6,1.333000376692623,-4.296959560954965,5.629959937647588,1.0,1.0,DodgerLoopDay,LR
26,0.05,bottom,global_mean,2,2,2,1.333000376692623,4.6271186360570145,-3.2941182593643914,-1.0,0.0,DodgerLoopDay,LR
26,0.05,random,global_mean,2,2,3,1.333000376692623,,-0.315044784177606,-0.236342429712473,0.2,DodgerLoopDay,LR
26,0.1,top,global_mean,2,2,6,1.333000376692623,-9.00646961937781,10.339469996070434,1.0,1.0,DodgerLoopDay,LR
26,0.1,bottom,global_mean,2,2,6,1.333000376692623,0.7836096318958237,0.5493907447967994,0.41214566946653913,1.0,DodgerLoopDay,LR
26,0.1,random,global_mean,2,2,1,1.333000376692623,,0.9380653305555204,0.24046095704168224,0.6,DodgerLoopDay,LR
26,0.2,top,global_mean,2,2,6,1.333000376692623,1.0157436253127172,0.31725675137990583,0.23800181824798078,1.0,DodgerLoopDay,LR
26,0.2,bottom,global_mean,2,2,6,1.333000376692623,1.2986852155373763,0.0343151611552468,0.025742779981509003,1.0,DodgerLoopDay,LR
26,0.2,random,global_mean,2,2,3,1.333000376692623,,-0.8220070352913389,-0.43648273608794047,0.6,DodgerLoopDay,LR
27,0.05,top,global_mean,2,2,1,2.9114256222527217,-3.1902549050276274,6.101680527280349,1.0,1.0,DodgerLoopDay,LR
27,0.05,bottom,global_mean,2,2,2,2.9114256222527217,6.436424591941597,-3.524998969688875,-1.0,0.0,DodgerLoopDay,LR
27,0.05,random,global_mean,2,2,2,2.9114256222527217,,-0.18819840477125088,-0.06464130104904789,0.4,DodgerLoopDay,LR
27,0.1,top,global_mean,2,2,0,2.9114256222527217,-8.292858621326458,11.20428424357918,1.0,1.0,DodgerLoopDay,LR
27,0.1,bottom,global_mean,2,2,1,2.9114256222527217,2.22980074686616,0.6816248753865617,0.23412057517669915,1.0,DodgerLoopDay,LR
27,0.1,random,global_mean,2,2,1,2.9114256222527217,,1.7166309125136938,0.18233415822650917,0.4,DodgerLoopDay,LR
27,0.2,top,global_mean,2,2,1,2.9114256222527217,3.4295656728165547,-0.5181400505638329,-0.17796775182433452,1.0,DodgerLoopDay,LR
27,0.2,bottom,global_mean,2,2,2,2.9114256222527217,2.401048715129524,0.5103769071231978,0.17530131215475825,0.0,DodgerLoopDay,LR
27,0.2,random,global_mean,2,2,2,2.9114256222527217,,-0.05547998064767885,-0.01905594330409437,0.2,DodgerLoopDay,LR
29,0.05,top,global_mean,2,2,4,3.0678666274681943,-3.3940995980886637,6.461966225556858,1.0,1.0,DodgerLoopDay,LR
29,0.05,bottom,global_mean,2,2,2,3.0678666274681943,6.742965198887736,-3.675098571419542,-1.0,0.0,DodgerLoopDay,LR
29,0.05,random,global_mean,2,2,3,3.0678666274681943,,-0.0634271124442252,-0.012156386645456369,0.4,DodgerLoopDay,LR
29,0.1,top,global_mean,2,2,6,3.0678666274681943,-8.52462601815011,11.592492645618304,1.0,1.0,DodgerLoopDay,LR
29,0.1,bottom,global_mean,2,2,2,3.0678666274681943,2.4107620512473185,0.6571045762208758,0.21418935104548875,0.0,DodgerLoopDay,LR
29,0.1,random,global_mean,2,2,2,3.0678666274681943,,3.0934898942625564,0.3887950362645881,0.4,DodgerLoopDay,LR
29,0.2,top,global_mean,2,2,2,3.0678666274681943,3.3820162504548383,-0.31414962298664406,-0.10239999280734968,0.0,DodgerLoopDay,LR
29,0.2,bottom,global_mean,2,2,2,3.0678666274681943,2.618079988122153,0.44978663934604146,0.14661214040621268,0.0,DodgerLoopDay,LR
29,0.2,random,global_mean,2,2,2,3.0678666274681943,,-1.1600194504804535,-0.3690581400395695,0.2,DodgerLoopDay,LR
30,0.05,top,global_mean,2,2,1,2.460342798544417,-3.9964307971704223,6.456773595714839,1.0,1.0,DodgerLoopDay,LR
30,0.05,bottom,global_mean,2,2,2,2.460342798544417,6.068339481443023,-3.607996682898606,-1.0,0.0,DodgerLoopDay,LR
30,0.05,random,global_mean,2,2,2,2.460342798544417,,-0.48897466551742264,-0.11625655773682513,0.4,DodgerLoopDay,LR
30,0.1,top,global_mean,2,2,6,2.460342798544417,-9.136545024141515,11.596887822685932,1.0,1.0,DodgerLoopDay,LR
30,0.1,bottom,global_mean,2,2,2,2.460342798544417,2.0439618803244333,0.4163809182199838,0.1692368840754378,0.0,DodgerLoopDay,LR
30,0.1,random,global_mean,2,2,3,2.460342798544417,,-0.33836399503924264,-0.07152483706290816,0.2,DodgerLoopDay,LR
30,0.2,top,global_mean,2,2,2,2.460342798544417,3.062277236501237,-0.6019344379568201,-0.2446546040894509,0.0,DodgerLoopDay,LR
30,0.2,bottom,global_mean,2,2,2,2.460342798544417,2.255144066417111,0.2051987321273061,0.08340246279755914,0.0,DodgerLoopDay,LR
30,0.2,random,global_mean,2,2,2,2.460342798544417,,-0.4185777563104299,-0.1701297829019131,0.2,DodgerLoopDay,LR
31,0.05,top,global_mean,2,2,4,2.5167059111359684,-3.9665532183587615,6.48325912949473,1.0,1.0,DodgerLoopDay,LR
31,0.05,bottom,global_mean,2,2,2,2.5167059111359684,6.3750906817257,-3.8583847705897316,-1.0,0.0,DodgerLoopDay,LR
31,0.05,random,global_mean,2,2,3,2.5167059111359684,,0.7048481011790941,0.08188559422322073,0.4,DodgerLoopDay,LR
31,0.1,top,global_mean,2,2,4,2.5167059111359684,-9.205390836097317,11.722096747233286,1.0,1.0,DodgerLoopDay,LR
31,0.1,bottom,global_mean,2,2,2,2.5167059111359684,1.8980785750149118,0.6186273361210566,0.24580825577414023,0.0,DodgerLoopDay,LR
31,0.1,random,global_mean,2,2,1,2.5167059111359684,,2.3977676574188487,0.3513592124408115,0.6,DodgerLoopDay,LR
31,0.2,top,global_mean,2,2,2,2.5167059111359684,3.067650763716343,-0.5509448525803746,-0.21891498376014476,0.0,DodgerLoopDay,LR
31,0.2,bottom,global_mean,2,2,2,2.5167059111359684,2.1282192263368165,0.38848668479915194,0.15436310167074652,0.0,DodgerLoopDay,LR
31,0.2,random,global_mean,2,2,2,2.5167059111359684,,-0.07238090765993102,-0.028760165651255904,0.4,DodgerLoopDay,LR
34,0.05,top,global_mean,3,3,3,3.9503324031739093,4.103532161813801,-0.15319975863989166,-0.03878147563868983,0.0,DodgerLoopDay,LR
34,0.05,bottom,global_mean,3,3,3,3.9503324031739093,3.789860795890167,0.1604716072837422,0.04062229460298483,0.0,DodgerLoopDay,LR
34,0.05,random,global_mean,3,3,3,3.9503324031739093,,0.5683479593014291,0.14387341555646618,0.2,DodgerLoopDay,LR
34,0.1,top,global_mean,3,3,3,3.9503324031739093,4.764336794281507,-0.814004391107598,-0.20605966839497225,0.0,DodgerLoopDay,LR
34,0.1,bottom,global_mean,3,3,3,3.9503324031739093,2.913867767589504,1.0364646355844052,0.26237396437264104,0.0,DodgerLoopDay,LR
34,0.1,random,global_mean,3,3,3,3.9503324031739093,,0.45736405139101166,0.11577859504808907,0.0,DodgerLoopDay,LR
34,0.2,top,global_mean,3,3,3,3.9503324031739093,4.460471636977636,-0.5101392338037267,-0.12913827308698894,0.0,DodgerLoopDay,LR
34,0.2,bottom,global_mean,3,3,3,3.9503324031739093,3.096067996169308,0.8542644070046013,0.21625121725630536,0.0,DodgerLoopDay,LR
34,0.2,random,global_mean,3,3,2,3.9503324031739093,,2.548525503760499,0.2873113521134437,0.4,DodgerLoopDay,LR
48,0.05,top,global_mean,4,4,4,2.079644248264586,2.0080326087057583,0.07161163955882754,0.034434545804668246,0.0,DodgerLoopDay,LR
48,0.05,bottom,global_mean,4,4,4,2.079644248264586,2.1347209047182263,-0.05507665645364046,-0.026483678646442518,0.0,DodgerLoopDay,LR
48,0.05,random,global_mean,4,4,4,2.079644248264586,,-0.1874933589831432,-0.09015641448444245,0.2,DodgerLoopDay,LR
48,0.1,top,global_mean,4,4,3,2.079644248264586,0.9832797147041967,1.096364533560389,0.527188247358668,1.0,DodgerLoopDay,LR
48,0.1,bottom,global_mean,4,4,4,2.079644248264586,2.147495045176968,-0.06785079691238227,-0.03262613994814843,0.0,DodgerLoopDay,LR
48,0.1,random,global_mean,4,4,2,2.079644248264586,,3.0322485006341715,0.6047653361388449,0.6,DodgerLoopDay,LR
48,0.2,top,global_mean,4,4,4,2.079644248264586,1.9331014088047116,0.14654283945987423,0.0704653063219127,0.0,DodgerLoopDay,LR
48,0.2,bottom,global_mean,4,4,5,2.079644248264586,0.6955698569435231,1.3840743913210627,0.6655338897227975,1.0,DodgerLoopDay,LR
48,0.2,random,global_mean,4,4,2,2.079644248264586,,2.4989574249692055,0.7142092926719205,1.0,DodgerLoopDay,LR
49,0.05,top,global_mean,4,4,4,3.3266136656006955,3.6828687744260655,-0.35625510882537004,-0.1070923880993112,0.0,DodgerLoopDay,LR
49,0.05,bottom,global_mean,4,4,5,3.3266136656006955,3.0129875474842214,0.3136261181164741,0.09427786192358466,1.0,DodgerLoopDay,LR
49,0.05,random,global_mean,4,4,4,3.3266136656006955,,0.21515953044544353,0.06467822458378769,0.2,DodgerLoopDay,LR
49,0.1,top,global_mean,4,4,4,3.3266136656006955,2.8715802542237414,0.4550334113769541,0.13678572877174144,0.0,DodgerLoopDay,LR
49,0.1,bottom,global_mean,4,4,5,3.3266136656006955,3.0328377529166195,0.293775912684076,0.0883107730275782,1.0,DodgerLoopDay,LR
49,0.1,random,global_mean,4,4,4,3.3266136656006955,,1.8546550483019608,0.3697811599227899,0.6,DodgerLoopDay,LR
49,0.2,top,global_mean,4,4,4,3.3266136656006955,3.0440111654226882,0.28260250017800725,0.08495197929002606,0.0,DodgerLoopDay,LR
49,0.2,bottom,global_mean,4,4,5,3.3266136656006955,1.4623625716144415,1.864251093986254,0.5604048804521281,1.0,DodgerLoopDay,LR
49,0.2,random,global_mean,4,4,3,3.3266136656006955,,4.81235564272259,0.9032326281278887,1.0,DodgerLoopDay,LR
50,0.05,top,global_mean,4,4,4,5.430474437812776,5.330444862374537,0.10002957543823854,0.018420040120562132,0.0,DodgerLoopDay,LR
50,0.05,bottom,global_mean,4,4,5,5.430474437812776,5.034551953553447,0.3959224842593283,0.07290751772901737,1.0,DodgerLoopDay,LR
50,0.05,random,global_mean,4,4,4,5.430474437812776,,0.2715850406317918,0.05001128238988548,0.0,DodgerLoopDay,LR
50,0.1,top,global_mean,4,4,4,5.430474437812776,5.343433668433986,0.08704076937879002,0.016028204229176533,0.0,DodgerLoopDay,LR
50,0.1,bottom,global_mean,4,4,5,5.430474437812776,5.017516067194825,0.41295837061795027,0.0760446070232622,1.0,DodgerLoopDay,LR
50,0.1,random,global_mean,4,4,4,5.430474437812776,,1.4897859552808437,0.27433803399742146,0.2,DodgerLoopDay,LR
50,0.2,top,global_mean,4,4,4,5.430474437812776,4.203301067986398,1.227173369826378,0.22597899279342745,0.0,DodgerLoopDay,LR
50,0.2,bottom,global_mean,4,4,4,5.430474437812776,3.710384969301721,1.7200894685110546,0.31674749075080105,0.0,DodgerLoopDay,LR
50,0.2,random,global_mean,4,4,4,5.430474437812776,,1.5937037016583577,0.2934740650075109,0.2,DodgerLoopDay,LR
52,0.05,top,global_mean,4,4,4,2.62448166158551,2.753601207339619,-0.12911954575410878,-0.049198094406958166,0.0,DodgerLoopDay,LR
52,0.05,bottom,global_mean,4,4,5,2.62448166158551,2.292987895645372,0.331493765940138,0.12630823239650402,1.0,DodgerLoopDay,LR
52,0.05,random,global_mean,4,4,3,2.62448166158551,,2.1817304066967145,0.4559294954523754,0.6,DodgerLoopDay,LR
52,0.1,top,global_mean,4,4,4,2.62448166158551,3.024448615426417,-0.39996695384090675,-0.15239839824252355,0.0,DodgerLoopDay,LR
52,0.1,bottom,global_mean,4,4,5,2.62448166158551,2.2832385635959085,0.34124309798960173,0.130022995763839,1.0,DodgerLoopDay,LR
52,0.1,random,global_mean,4,4,3,2.62448166158551,,0.05258220651813459,0.020035265344968394,0.2,DodgerLoopDay,LR
52,0.2,top,global_mean,4,4,4,2.62448166158551,1.677084988438166,0.9473966731473442,0.36098416156996066,0.0,DodgerLoopDay,LR
52,0.2,bottom,global_mean,4,4,0,2.62448166158551,0.5641382458069,2.0603434157786102,0.78504744799263,1.0,DodgerLoopDay,LR
52,0.2,random,global_mean,4,4,2,2.62448166158551,,3.3402866296140816,0.6933047271045882,0.8,DodgerLoopDay,LR
53,0.05,top,global_mean,5,5,5,2.4470485620981757,3.022967945292642,-0.5759193831944662,-0.23535256176039818,0.0,DodgerLoopDay,LR
53,0.05,bottom,global_mean,5,5,5,2.4470485620981757,2.353310899710494,0.09373766238768155,0.038306401243180375,0.0,DodgerLoopDay,LR
53,0.05,random,global_mean,5,5,5,2.4470485620981757,,-0.6190607009779495,-0.2529824939251119,0.0,DodgerLoopDay,LR
53,0.1,top,global_mean,5,5,5,2.4470485620981757,3.20820397268789,-0.7611554105897143,-0.31105026329629226,0.0,DodgerLoopDay,LR
53,0.1,bottom,global_mean,5,5,5,2.4470485620981757,2.282620952073694,0.16442761002448147,0.06719422956169967,0.0,DodgerLoopDay,LR
53,0.1,random,global_mean,5,5,5,2.4470485620981757,,0.11032162855063547,0.045083528449682206,0.4,DodgerLoopDay,LR
53,0.2,top,global_mean,5,5,5,2.4470485620981757,3.114359557735907,-0.6673109956377314,-0.27270023704201496,0.0,DodgerLoopDay,LR
53,0.2,bottom,global_mean,5,5,5,2.4470485620981757,1.8355018795273967,0.6115466825707789,0.24991184978142408,0.0,DodgerLoopDay,LR
53,0.2,random,global_mean,5,5,4,2.4470485620981757,,0.6254218234788004,0.2555820009393453,0.4,DodgerLoopDay,LR
54,0.05,top,global_mean,5,5,5,4.181550337753286,4.958972531127555,-0.7774221933742691,-0.18591717058577875,0.0,DodgerLoopDay,LR
54,0.05,bottom,global_mean,5,5,5,4.181550337753286,4.096377561966663,0.08517277578662341,0.020368702643355815,0.0,DodgerLoopDay,LR
54,0.05,random,global_mean,5,5,5,4.181550337753286,,-0.11279544960873392,-0.02697454616671955,0.0,DodgerLoopDay,LR
54,0.1,top,global_mean,5,5,5,4.181550337753286,5.047929168316626,-0.86637883056334,-0.20719076739324174,0.0,DodgerLoopDay,LR
54,0.1,bottom,global_mean,5,5,5,4.181550337753286,4.168988429077692,0.012561908675594147,0.003004126378212436,0.0,DodgerLoopDay,LR
54,0.1,random,global_mean,5,5,5,4.181550337753286,,-0.43743851678546297,-0.10461153802801215,0.2,DodgerLoopDay,LR
54,0.2,top,global_mean,5,5,5,4.181550337753286,4.881838390455608,-0.7002880527023221,-0.16747087292214882,0.0,DodgerLoopDay,LR
54,0.2,bottom,global_mean,5,5,5,4.181550337753286,3.5989448628414693,0.582605474911817,0.13932759109083334,0.0,DodgerLoopDay,LR
54,0.2,random,global_mean,5,5,3,4.181550337753286,,-1.2883530221833657,-0.30810407863498507,0.4,DodgerLoopDay,LR
55,0.05,top,global_mean,5,5,5,2.023499175337004,3.397270669008004,-1.3737714936709997,-0.6789085122971164,0.0,DodgerLoopDay,LR
55,0.05,bottom,global_mean,5,5,5,2.023499175337004,1.916525058911786,0.10697411642521826,0.05286587949388353,0.0,DodgerLoopDay,LR
55,0.05,random,global_mean,5,5,5,2.023499175337004,,-0.1367128714671289,-0.06756256961745012,0.2,DodgerLoopDay,LR
55,0.1,top,global_mean,5,5,5,2.023499175337004,3.4758984420681314,-1.4523992667311272,-0.717765822031242,0.0,DodgerLoopDay,LR
55,0.1,bottom,global_mean,5,5,5,2.023499175337004,2.0252443424571056,-0.0017451671201014207,-0.0008624497004606246,0.0,DodgerLoopDay,LR
55,0.1,random,global_mean,5,5,5,2.023499175337004,,-0.2662272172600296,-0.13156767689219043,0.2,DodgerLoopDay,LR
55,0.2,top,global_mean,5,5,5,2.023499175337004,2.781759584941286,-0.758260409604282,-0.3747271281940943,0.0,DodgerLoopDay,LR
55,0.2,bottom,global_mean,5,5,5,2.023499175337004,1.7870220455261052,0.23647712981089897,0.11686538637018641,0.0,DodgerLoopDay,LR
55,0.2,random,global_mean,5,5,5,2.023499175337004,,0.12544676301871638,0.06199493558127507,0.2,DodgerLoopDay,LR
56,0.05,top,global_mean,5,5,5,6.971812586646591,5.027971343272344,1.943841243374247,0.27881428830761745,0.0,DodgerLoopDay,LR
56,0.05,bottom,global_mean,5,5,5,6.971812586646591,6.88575627715978,0.08605630948681053,0.012343461054615376,0.0,DodgerLoopDay,LR
56,0.05,random,global_mean,5,5,5,6.971812586646591,,0.11017210571254595,0.015802503085217773,0.0,DodgerLoopDay,LR
56,0.1,top,global_mean,5,5,5,6.971812586646591,5.099965056439915,1.8718475302066757,0.2684878915569264,0.0,DodgerLoopDay,LR
56,0.1,bottom,global_mean,5,5,5,6.971812586646591,7.0116038774215355,-0.0397912907749447,-0.005707451910527074,0.0,DodgerLoopDay,LR
56,0.1,random,global_mean,5,5,5,6.971812586646591,,-1.2711041763482942,-0.18232044797968977,0.0,DodgerLoopDay,LR
56,0.2,top,global_mean,5,5,5,6.971812586646591,4.441771549328166,2.5300410373184246,0.36289568071130285,0.0,DodgerLoopDay,LR
56,0.2,bottom,global_mean,5,5,5,6.971812586646591,6.452852701263366,0.5189598853832251,0.074436856197247,0.0,DodgerLoopDay,LR
56,0.2,random,global_mean,5,5,5,6.971812586646591,,-0.03824753561707776,-0.005486023850427504,0.0,DodgerLoopDay,LR
57,0.05,top,global_mean,5,5,5,4.773479505719617,3.7463537253272947,1.0271257803923226,0.21517334765725205,0.0,DodgerLoopDay,LR
57,0.05,bottom,global_mean,5,5,5,4.773479505719617,4.749788561698481,0.02369094402113614,0.0049630335753439205,0.0,DodgerLoopDay,LR
57,0.05,random,global_mean,5,5,5,4.773479505719617,,-0.0044945228364170475,-0.0009415609492972023,0.0,DodgerLoopDay,LR
57,0.1,top,global_mean,5,5,5,4.773479505719617,3.8159186763855275,0.9575608293340898,0.20060013405035043,0.0,DodgerLoopDay,LR
57,0.1,bottom,global_mean,5,5,5,4.773479505719617,4.873167193459924,-0.09968768774030679,-0.020883648235466828,0.0,DodgerLoopDay,LR
57,0.1,random,global_mean,5,5,5,4.773479505719617,,-0.5248079605347966,-0.109942412021159,0.2,DodgerLoopDay,LR
57,0.2,top,global_mean,5,5,5,4.773479505719617,3.536990975832137,1.2364885298874801,0.2590329065774776,0.0,DodgerLoopDay,LR
57,0.2,bottom,global_mean,5,5,5,4.773479505719617,4.355299234267923,0.41818027145169445,0.08760489771575017,0.0,DodgerLoopDay,LR
57,0.2,random,global_mean,5,5,5,4.773479505719617,,-0.5931410372984519,-0.12425755936108804,0.0,DodgerLoopDay,LR
59,0.05,top,global_mean,5,5,5,2.122092807658058,3.5456121853221623,-1.4235193776641042,-0.6708088834372028,0.0,DodgerLoopDay,LR
59,0.05,bottom,global_mean,5,5,5,2.122092807658058,2.0972655857602014,0.02482722189785669,0.011699398871181854,0.0,DodgerLoopDay,LR
59,0.05,random,global_mean,5,5,3,2.122092807658058,,0.09431971017079599,0.04444653192541341,0.4,DodgerLoopDay,LR
59,0.1,top,global_mean,5,5,5,2.122092807658058,3.554575764081995,-1.4324829564239367,-0.6750328148805186,0.0,DodgerLoopDay,LR
59,0.1,bottom,global_mean,5,5,5,2.122092807658058,2.014826179431487,0.10726662822657129,0.05054754311024106,0.0,DodgerLoopDay,LR
59,0.1,random,global_mean,5,5,3,2.122092807658058,,0.08880986113012454,0.041850110871458165,0.6,DodgerLoopDay,LR
59,0.2,top,global_mean,5,5,5,2.122092807658058,3.000218625199204,-0.8781258175411457,-0.41380160215925843,0.0,DodgerLoopDay,LR
59,0.2,bottom,global_mean,5,5,5,2.122092807658058,1.5490516431727006,0.5730411644853575,0.2700357366000542,0.0,DodgerLoopDay,LR
59,0.2,random,global_mean,5,5,4,2.122092807658058,,0.5560596052272394,0.2620334705377169,0.4,DodgerLoopDay,LR
61,0.05,top,global_mean,5,5,5,3.784931565402223,3.2135571223894113,0.5713744430128118,0.1509602702662926,0.0,DodgerLoopDay,LR
61,0.05,bottom,global_mean,5,5,5,3.784931565402223,3.6828892076340454,0.10204235776817772,0.026960152130830292,0.0,DodgerLoopDay,LR
61,0.05,random,global_mean,5,5,5,3.784931565402223,,0.34634452005149774,0.09150612700934392,0.2,DodgerLoopDay,LR
61,0.1,top,global_mean,5,5,5,3.784931565402223,3.306277956082362,0.47865360931986123,0.12646291606228258,0.0,DodgerLoopDay,LR
61,0.1,bottom,global_mean,5,5,5,3.784931565402223,3.759111188905788,0.02582037649643487,0.006821885476231979,0.0,DodgerLoopDay,LR
61,0.1,random,global_mean,5,5,4,3.784931565402223,,0.18507077631793917,0.04889671694805262,0.2,DodgerLoopDay,LR
61,0.2,top,global_mean,5,5,5,3.784931565402223,3.084750425222965,0.7001811401792581,0.18499170806358875,0.0,DodgerLoopDay,LR
61,0.2,bottom,global_mean,5,5,5,3.784931565402223,3.4113472088688415,0.3735843565333816,0.09870304162042078,0.0,DodgerLoopDay,LR
61,0.2,random,global_mean,5,5,3,3.784931565402223,,-0.6231540393467885,-0.16464072439308206,0.4,DodgerLoopDay,LR
62,0.05,top,global_mean,5,5,5,2.4067007313042117,4.046725774123343,-1.640025042819131,-0.6814409203629848,0.0,DodgerLoopDay,LR
62,0.05,bottom,global_mean,5,5,5,2.4067007313042117,2.317030657530431,0.08967007377378078,0.03725849057547643,0.0,DodgerLoopDay,LR
62,0.05,random,global_mean,5,5,4,2.4067007313042117,,-0.3019688742918915,-0.1254700033511224,0.4,DodgerLoopDay,LR
62,0.1,top,global_mean,5,5,5,2.4067007313042117,4.105674122862623,-1.698973391558411,-0.7059343372133293,0.0,DodgerLoopDay,LR
62,0.1,bottom,global_mean,5,5,5,2.4067007313042117,2.3614588791310127,0.04524185217319898,0.018798279647508312,0.0,DodgerLoopDay,LR
62,0.1,random,global_mean,5,5,5,2.4067007313042117,,0.34800624168396377,0.14459882467254315,0.2,DodgerLoopDay,LR
62,0.2,top,global_mean,5,5,5,2.4067007313042117,4.081661230575025,-1.6749604992708136,-0.6959568265084259,0.0,DodgerLoopDay,LR
62,0.2,bottom,global_mean,5,5,5,2.4067007313042117,1.7370473875595083,0.6696533437447034,0.27824525782919207,0.0,DodgerLoopDay,LR
62,0.2,random,global_mean,5,5,3,2.4067007313042117,,-0.6136857894526543,-0.2549903801831284,0.4,DodgerLoopDay,LR
66,0.05,top,global_mean,6,6,6,4.975930090764774,5.702666464403465,-0.7267363736386905,-0.14605032915095995,0.0,DodgerLoopDay,LR
66,0.05,bottom,global_mean,6,6,6,4.975930090764774,4.96740151545574,0.00852857530903428,0.001713965718870814,0.0,DodgerLoopDay,LR
66,0.05,random,global_mean,6,6,6,4.975930090764774,,0.5457196812144437,0.10967187271288548,0.0,DodgerLoopDay,LR
66,0.1,top,global_mean,6,6,6,4.975930090764774,4.7532518947011315,0.2226781960636428,0.04475106105808598,0.0,DodgerLoopDay,LR
66,0.1,bottom,global_mean,6,6,6,4.975930090764774,5.021879506107462,-0.045949415342687594,-0.009234335143420447,0.0,DodgerLoopDay,LR
66,0.1,random,global_mean,6,6,6,4.975930090764774,,0.6521159715271001,0.13105405996023817,0.2,DodgerLoopDay,LR
66,0.2,top,global_mean,6,6,6,4.975930090764774,3.796598374391134,1.1793317163736403,0.23700724444565877,0.0,DodgerLoopDay,LR
66,0.2,bottom,global_mean,6,6,6,4.975930090764774,4.993922703375658,-0.017992612610883363,-0.0036159288146649137,0.0,DodgerLoopDay,LR
66,0.2,random,global_mean,6,6,6,4.975930090764774,,0.7360508196749757,0.1479222292770635,0.0,DodgerLoopDay,LR
67,0.05,top,global_mean,6,6,6,3.7614863624066412,3.9086153205710765,-0.14712895816443528,-0.03911456931502238,0.0,DodgerLoopDay,LR
67,0.05,bottom,global_mean,6,6,6,3.7614863624066412,3.66760403189049,0.09388233051615114,0.024958831831907093,0.0,DodgerLoopDay,LR
67,0.05,random,global_mean,6,6,5,3.7614863624066412,,0.019380676300952793,0.005152397026412665,0.2,DodgerLoopDay,LR
67,0.1,top,global_mean,6,6,6,3.7614863624066412,3.6176348385393315,0.1438515238673097,0.03824325592716385,0.0,DodgerLoopDay,LR
67,0.1,bottom,global_mean,6,6,6,3.7614863624066412,3.725038099253232,0.03644826315340932,0.009689853943863663,0.0,DodgerLoopDay,LR
67,0.1,random,global_mean,6,6,5,3.7614863624066412,,0.3434277441342295,0.09130104957058811,0.2,DodgerLoopDay,LR
67,0.2,top,global_mean,6,6,6,3.7614863624066412,2.955020518811862,0.8064658435947791,0.21440078508699104,0.0,DodgerLoopDay,LR
67,0.2,bottom,global_mean,6,6,6,3.7614863624066412,3.3556726641292873,0.4058136982773539,0.10788649786070524,0.0,DodgerLoopDay,LR
67,0.2,random,global_mean,6,6,5,3.7614863624066412,,2.0294563123700287,0.5395355923970351,0.6,DodgerLoopDay,LR
68,0.05,top,global_mean,6,6,6,3.3472397447836255,3.8252478570251407,-0.4780081122415152,-0.14280661257677624,0.0,DodgerLoopDay,LR
68,0.05,bottom,global_mean,6,6,0,3.3472397447836255,3.2871083563176553,0.060131388465970215,0.017964464778841973,1.0,DodgerLoopDay,LR
68,0.05,random,global_mean,6,6,4,3.3472397447836255,,-0.010154116130375358,-0.003033578073581843,0.4,DodgerLoopDay,LR
68,0.1,top,global_mean,6,6,6,3.3472397447836255,3.878088664842794,-0.5308489200591686,-0.1585929906256217,0.0,DodgerLoopDay,LR
68,0.1,bottom,global_mean,6,6,0,3.3472397447836255,3.2602782748947043,0.08696146988892117,0.025980046408207363,1.0,DodgerLoopDay,LR
68,0.1,random,global_mean,6,6,2,3.3472397447836255,,-0.5323140789894626,-0.15903071203319522,0.6,DodgerLoopDay,LR
68,0.2,top,global_mean,6,6,6,3.3472397447836255,3.6774372722692075,-0.33019752748558195,-0.09864767809132498,0.0,DodgerLoopDay,LR
68,0.2,bottom,global_mean,6,6,0,3.3472397447836255,2.865451029613167,0.4817887151704583,0.14393608106058184,1.0,DodgerLoopDay,LR
68,0.2,random,global_mean,6,6,0,3.3472397447836255,,2.094559352693868,0.4877187217239207,1.0,DodgerLoopDay,LR
69,0.05,top,global_mean,6,6,6,2.73870643844341,3.570399665216956,-0.8316932267735457,-0.3036809317778946,0.0,DodgerLoopDay,LR
69,0.05,bottom,global_mean,6,6,6,2.73870643844341,2.712680185541286,0.026026252902124014,0.009503115424740829,0.0,DodgerLoopDay,LR
69,0.05,random,global_mean,6,6,5,2.73870643844341,,0.4149753688707909,0.15152234336744236,0.2,DodgerLoopDay,LR
69,0.1,top,global_mean,6,6,6,2.73870643844341,3.457486233369541,-0.7187797949261308,-0.2624522009312032,0.0,DodgerLoopDay,LR
69,0.1,bottom,global_mean,6,6,6,2.73870643844341,2.7390321397026867,-0.00032570125927655624,-0.00011892517422805626,0.0,DodgerLoopDay,LR
69,0.1,random,global_mean,6,6,4,2.73870643844341,,1.714505085236136,0.3883918021381604,0.4,DodgerLoopDay,LR
69,0.2,top,global_mean,6,6,6,2.73870643844341,3.0086202977432266,-0.2699138592998165,-0.09855519998632147,0.0,DodgerLoopDay,LR
69,0.2,bottom,global_mean,6,6,6,2.73870643844341,2.7737226046831736,-0.03501616623976345,-0.012785654191550108,0.0,DodgerLoopDay,LR
69,0.2,random,global_mean,6,6,2,2.73870643844341,,1.2660210933582785,0.21366636883921514,0.6,DodgerLoopDay,LR
70,0.05,top,global_mean,6,6,6,3.6003346883074396,3.661978336986248,-0.06164364867880856,-0.017121639206867392,0.0,DodgerLoopDay,LR
70,0.05,bottom,global_mean,6,6,6,3.6003346883074396,3.5398952298913304,0.060439458416109204,0.01678717309955131,0.0,DodgerLoopDay,LR
70,0.05,random,global_mean,6,6,4,3.6003346883074396,,0.33196401960413724,0.09220362997879164,0.4,DodgerLoopDay,LR
70,0.1,top,global_mean,6,6,6,3.6003346883074396,3.333783268795206,0.2665514195122336,0.07403515743765064,0.0,DodgerLoopDay,LR
70,0.1,bottom,global_mean,6,6,6,3.6003346883074396,3.510183262013518,0.09015142629392159,0.025039727986115326,0.0,DodgerLoopDay,LR
70,0.1,random,global_mean,6,6,6,3.6003346883074396,,-0.73415064390061,-0.2039117203112088,0.0,DodgerLoopDay,LR
70,0.2,top,global_mean,6,6,0,3.6003346883074396,2.8571741733441653,0.7431605149632743,0.20641422892225997,1.0,DodgerLoopDay,LR
70,0.2,bottom,global_mean,6,6,6,3.6003346883074396,3.234648286207193,0.3656864021002466,0.10157008505841857,0.0,DodgerLoopDay,LR
70,0.2,random,global_mean,6,6,5,3.6003346883074396,,0.26038492597538426,0.0723224022751596,0.2,DodgerLoopDay,LR
71,0.05,top,global_mean,6,6,6,3.9747987445424915,3.9891824375922846,-0.014383693049793145,-0.0036187214386189763,0.0,DodgerLoopDay,LR
71,0.05,bottom,global_mean,6,6,6,3.9747987445424915,3.939025535222653,0.03577320931983863,0.009000002923155115,0.0,DodgerLoopDay,LR
71,0.05,random,global_mean,6,6,5,3.9747987445424915,,-0.07213535270005016,-0.018148172822818047,0.2,DodgerLoopDay,LR
71,0.1,top,global_mean,6,6,0,3.9747987445424915,3.6798311902027816,0.2949675543397099,0.0742094126237953,1.0,DodgerLoopDay,LR
71,0.1,bottom,global_mean,6,6,6,3.9747987445424915,3.8673345081416466,0.1074642364008449,0.02703639008440519,0.0,DodgerLoopDay,LR
71,0.1,random,global_mean,6,6,2,3.9747987445424915,,0.14857527271931392,0.03737931022142986,0.6,DodgerLoopDay,LR
71,0.2,top,global_mean,6,6,0,3.9747987445424915,3.319874216162021,0.6549245283804703,0.16476918850558436,1.0,DodgerLoopDay,LR
71,0.2,bottom,global_mean,6,6,6,3.9747987445424915,3.726534671027635,0.2482640735148567,0.06245951732681125,0.0,DodgerLoopDay,LR
71,0.2,random,global_mean,6,6,3,3.9747987445424915,,1.8774285331403706,0.4723328604713058,0.6,DodgerLoopDay,LR
72,0.05,top,global_mean,6,6,6,3.6809242815090952,4.196091932650333,-0.5151676511412377,-0.13995601968047305,0.0,DodgerLoopDay,LR
72,0.05,bottom,global_mean,6,6,6,3.6809242815090952,3.630564655545234,0.05035962596386101,0.013681241022967658,0.0,DodgerLoopDay,LR
72,0.05,random,global_mean,6,6,6,3.6809242815090952,,-0.4949342438514873,-0.1344591932734303,0.0,DodgerLoopDay,LR
72,0.1,top,global_mean,6,6,6,3.6809242815090952,3.859363197660388,-0.17843891615129293,-0.04847664717555392,0.0,DodgerLoopDay,LR
72,0.1,bottom,global_mean,6,6,6,3.6809242815090952,3.6205113868549423,0.06041289465415289,0.016412420800181248,0.0,DodgerLoopDay,LR
72,0.1,random,global_mean,6,6,5,3.6809242815090952,,0.2300840470775256,0.06250712238939998,0.2,DodgerLoopDay,LR
72,0.2,top,global_mean,6,6,6,3.6809242815090952,3.3827985381647743,0.29812574334432096,0.08099206600088775,0.0,DodgerLoopDay,LR
72,0.2,bottom,global_mean,6,6,6,3.6809242815090952,3.0754918227366046,0.6054324587724906,0.16447833424216562,0.0,DodgerLoopDay,LR
72,0.2,random,global_mean,6,6,2,3.6809242815090952,,1.0971604506367911,0.2980664824000394,0.6,DodgerLoopDay,LR
73,0.05,top,global_mean,6,6,6,3.594718201292324,4.23536384390231,-0.6406456426099862,-0.1782185496935811,0.0,DodgerLoopDay,LR
73,0.05,bottom,global_mean,6,6,6,3.594718201292324,3.505873913626496,0.08884428766582797,0.024715223273597528,0.0,DodgerLoopDay,LR
73,0.05,random,global_mean,6,6,5,3.594718201292324,,-0.11636090295764916,-0.03236995616119797,0.2,DodgerLoopDay,LR
73,0.1,top,global_mean,6,6,6,3.594718201292324,4.155067075989589,-0.5603488746972647,-0.1558811254286053,0.0,DodgerLoopDay,LR
73,0.1,bottom,global_mean,6,6,6,3.594718201292324,3.526647777005784,0.0680704242865402,0.018936228527131813,0.0,DodgerLoopDay,LR
73,0.1,random,global_mean,6,6,5,3.594718201292324,,0.6695805494625826,0.18626783121804455,0.2,DodgerLoopDay,LR
73,0.2,top,global_mean,6,6,6,3.594718201292324,3.9753260698851802,-0.3806078685928562,-0.10587972169175977,0.0,DodgerLoopDay,LR
73,0.2,bottom,global_mean,6,6,6,3.594718201292324,3.4778481305983453,0.1168700706939787,0.03251159941838105,0.0,DodgerLoopDay,LR
73,0.2,random,global_mean,6,6,6,3.594718201292324,,-0.7876709007695915,-0.219118895430391,0.0,DodgerLoopDay,LR
74,0.05,top,global_mean,6,6,6,4.924213541048941,5.134227961769419,-0.21001442072047816,-0.04264932386064185,0.0,DodgerLoopDay,LR
74,0.05,bottom,global_mean,6,6,6,4.924213541048941,4.807399596068061,0.11681394498087982,0.0237223508454196,0.0,DodgerLoopDay,LR
74,0.05,random,global_mean,6,6,6,4.924213541048941,,0.07210140453890598,0.01464221429384496,0.0,DodgerLoopDay,LR
74,0.1,top,global_mean,6,6,6,4.924213541048941,4.84405963502263,0.080153906026311,0.0162775007786799,0.0,DodgerLoopDay,LR
74,0.1,bottom,global_mean,6,6,6,4.924213541048941,4.792519260242061,0.1316942808068795,0.02674422077045132,0.0,DodgerLoopDay,LR
74,0.1,random,global_mean,6,6,6,4.924213541048941,,0.4175858383043051,0.08480252735197688,0.0,DodgerLoopDay,LR
74,0.2,top,global_mean,6,6,6,4.924213541048941,3.8107193770862784,1.1134941639626623,0.22612624910641468,0.0,DodgerLoopDay,LR
74,0.2,bottom,global_mean,6,6,6,4.924213541048941,4.7434130107709525,0.18080053027798826,0.036716623284954335,0.0,DodgerLoopDay,LR
74,0.2,random,global_mean,6,6,6,4.924213541048941,,0.1146618169250532,0.023285300827008304,0.0,DodgerLoopDay,LR
75,0.05,top,global_mean,6,6,6,6.303811049103258,6.310991568499668,-0.00718051939641029,-0.0011390757434514163,0.0,DodgerLoopDay,LR
75,0.05,bottom,global_mean,6,6,6,6.303811049103258,6.221489166942581,0.08232188216067726,0.013059063550663424,0.0,DodgerLoopDay,LR
75,0.05,random,global_mean,6,6,5,6.303811049103258,,-0.04201077580616595,-0.006664344602745914,0.2,DodgerLoopDay,LR
75,0.1,top,global_mean,6,6,6,6.303811049103258,5.129948631450567,1.1738624176526908,0.1862146917625308,0.0,DodgerLoopDay,LR
75,0.1,bottom,global_mean,6,6,6,6.303811049103258,6.126469389434064,0.17734165966919413,0.0281324472061983,0.0,DodgerLoopDay,LR
75,0.1,random,global_mean,6,6,5,6.303811049103258,,0.8943877203191473,0.14188045477123282,0.2,DodgerLoopDay,LR
75,0.2,top,global_mean,6,6,6,6.303811049103258,4.519812413074482,1.7839986360287758,0.2830031451021064,0.0,DodgerLoopDay,LR
75,0.2,bottom,global_mean,6,6,6,6.303811049103258,5.759846039876429,0.5439650092268291,0.0862914384168878,0.0,DodgerLoopDay,LR
75,0.2,random,global_mean,6,6,6,6.303811049103258,,1.2368230709925547,0.19620240282520762,0.0,DodgerLoopDay,LR
76,0.05,top,global_mean,6,6,6,4.141468697763305,3.783792429761135,0.35767626800216945,0.08636457443968278,0.0,DodgerLoopDay,LR
76,0.05,bottom,global_mean,6,6,6,4.141468697763305,4.083980694881,0.05748800288230438,0.013881063264413619,0.0,DodgerLoopDay,LR
76,0.05,random,global_mean,6,6,6,4.141468697763305,,0.4129753435259175,0.099717098919969,0.0,DodgerLoopDay,LR
76,0.1,top,global_mean,6,6,6,4.141468697763305,2.8434110635889014,1.2980576341744032,0.31342922414123875,0.0,DodgerLoopDay,LR
76,0.1,bottom,global_mean,6,6,6,4.141468697763305,4.152893020230702,-0.011424322467397552,-0.0027585189078088673,0.0,DodgerLoopDay,LR
76,0.1,random,global_mean,6,6,6,4.141468697763305,,0.7288643200210753,0.17599170661920213,0.2,DodgerLoopDay,LR
76,0.2,top,global_mean,6,6,6,4.141468697763305,3.0428453517459753,1.0986233460173294,0.26527378592451517,0.0,DodgerLoopDay,LR
76,0.2,bottom,global_mean,6,6,6,4.141468697763305,4.058780018035429,0.08268867972787586,0.0199660231179607,0.0,DodgerLoopDay,LR
76,0.2,random,global_mean,6,6,6,4.141468697763305,,-0.5780432914481061,-0.13957443459269822,0.0,DodgerLoopDay,LR
